43.27436 -2.95793
43.27487 -2.95713
43.27384 -2.95483
43.27361 -2.95417
43.27305 -2.95248
43.2728 -2.95108
43.27231 -2.94822
43.27225 -2.94805
43.27216 -2.94794
43.27211 -2.94791
43.27199 -2.94782
43.27184 -2.9453
43.2714 -2.94209
43.27136 -2.94197
43.27131 -2.94186
43.27131 -2.94186
43.27126 -2.94184
43.27098 -2.94177
43.27098 -2.94177
43.27098 -2.94177
43.27016 -2.94221
43.26937 -2.94253
43.2692 -2.94404
43.26838 -2.94711
43.26785 -2.95035
43.26744 -2.95045
43.26733 -2.94985
43.26758 -2.94893
43.26777 -2.94733
43.26593 -2.94628
43.26544 -2.94595
43.26518 -2.94549
43.26269 -2.94632
43.26234 -2.94653
43.26234 -2.9466
43.26234 -2.94663
43.26234 -2.94669
43.26237 -2.94686
43.26256 -2.94774
43.26256 -2.94774
43.26254 -2.94638
43.26236 -2.9496
43.26295 -2.95805
43.26356 -2.96234
43.26013 -2.95796
43.25675 -2.95285
43.25344 -2.94856
43.25075 -2.94468
43.2475 -2.93936
43.24564 -2.93213
43.24202 -2.9278
43.23816 -2.92258
43.23307 -2.9157
43.22939 -2.91493
43.22424 -2.91525
43.22012 -2.91084
43.21737 -2.90571
43.21631 -2.90036
43.21448 -2.89678
43.21037 -2.89517
43.20637 -2.89313
43.20216 -2.89315
43.19074 -2.89593
43.18255 -2.89677
43.17792 -2.90106
43.17505 -2.90793
43.1713 -2.9162
43.16134 -2.92408
43.15636 -2.93274
43.15178 -2.93798
43.14063 -2.93616
43.13313 -2.93139
43.12755 -2.92279
43.12173 -2.91661
43.113 -2.91442
43.10342 -2.91566
43.09524 -2.91869
43.08551 -2.91484
43.07794 -2.91723
43.07178 -2.92368
43.06566 -2.93051
43.05773 -2.9327
43.0517 -2.92782
43.04487 -2.9232
43.03586 -2.91661
43.02239 -2.91255
43.0134 -2.9039
43.00659 -2.89786
42.99955 -2.8875
42.99524 -2.87857
42.98746 -2.87023
42.98176 -2.87155
42.97279 -2.87825
42.96676 -2.87359
42.96442 -2.87175
42.96437 -2.86701
42.96267 -2.86117
42.9609 -2.83835
42.96112 -2.82088
42.95782 -2.80588
42.94716 -2.79203
42.94497 -2.78038
42.94057 -2.76933
42.9414 -2.76103
42.93991 -2.75333
42.93153 -2.74279
42.92594 -2.73273
42.9086 -2.71615
42.88797 -2.69759
42.87299 -2.6913
42.86833 -2.68856
42.8652 -2.68644
42.86051 -2.68327
42.8587 -2.68162
42.85985 -2.68183
42.86067 -2.68183
42.86067 -2.68183
42.86109 -2.68251
42.86171 -2.68309
42.86162 -2.68361
42.86135 -2.68383
42.85969 -2.68268
42.85933 -2.68243
42.85901 -2.68245
42.85869 -2.68199
42.85852 -2.68163
42.85798 -2.68133
42.85698 -2.68087
42.85546 -2.68014
42.85528 -2.6801
42.85489 -2.68005
42.85373 -2.68022
42.85235 -2.68053
42.85249 -2.6805
42.85134 -2.68073
42.85024 -2.68097
42.84974 -2.68116
42.84711 -2.68189
42.84452 -2.68249
42.84415 -2.68257
42.84342 -2.68271
42.84336 -2.68272
42.84282 -2.68285
42.84231 -2.68314
42.84069 -2.68342
42.84056 -2.68354
42.84053 -2.68331
42.84069 -2.68237
42.83974 -2.6814
42.83922 -2.67805
42.83905 -2.67652
42.83869 -2.67357
42.8386 -2.67198
42.83851 -2.67065
42.83884 -2.67015
42.83892 -2.66919
42.83889 -2.66859
42.83818 -2.66874
42.83818 -2.66874
42.83848 -2.66862
42.83853 -2.66728
42.8394 -2.66767
42.84002 -2.66831
42.84039 -2.66827
42.84075 -2.67143
42.84104 -2.67357
42.84125 -2.6746
42.84246 -2.67449
42.84343 -2.67444
42.84351 -2.67546
42.8433 -2.67583
42.84327 -2.67618
42.84361 -2.67716
42.84361 -2.67716
42.84432 -2.67844
42.84528 -2.67879
42.8463 -2.67914
42.84634 -2.67885
42.84606 -2.67797
42.84584 -2.67687
42.84573 -2.67641
42.84594 -2.67479
42.84623 -2.67385
42.84695 -2.67316
42.84688 -2.6716
42.84652 -2.67102
42.84625 -2.66893
42.84583 -2.66556
42.84567 -2.66427
42.84535 -2.66154
42.8461 -2.66141
42.84758 -2.66139
42.84917 -2.66132
42.85043 -2.66122
42.85118 -2.66111
42.85133 -2.66113
42.85208 -2.66096
42.85229 -2.66092
42.85239 -2.66121
42.85321 -2.66311
 
