43.27436
43.27487
43.27384
43.27361
43.27305
43.2728
43.27231
43.27225
43.27216
43.27211
43.27199
43.27184
43.2714
43.27136
43.27131
43.27131
43.27126
43.27098
43.27098
43.27098
43.27016
43.26937
43.2692
43.26838
43.26785
43.26744
43.26733
43.26758
43.26777
43.26593
43.26544
43.26518
43.26269
43.26234
43.26234
43.26234
43.26234
43.26237
43.26256
43.26256
43.26254
43.26236
43.26295
43.26356
43.26013
43.25675
43.25344
43.25075
43.2475
43.24564
43.24202
43.23816
43.23307
43.22939
43.22424
43.22012
43.21737
43.21631
43.21448
43.21037
43.20637
43.20216
43.19074
43.18255
43.17792
43.17505
43.1713
43.16134
43.15636
43.15178
43.14063
43.13313
43.12755
43.12173
43.113
43.10342
43.09524
43.08551
43.07794
43.07178
43.06566
43.05773
43.0517
43.04487
43.03586
43.02239
43.0134
43.00659
42.99955
42.99524
42.98746
42.98176
42.97279
42.96676
42.96442
42.96437
42.96267
42.9609
42.96112
42.95782
42.94716
42.94497
42.94057
42.9414
42.93991
42.93153
42.92594
42.9086
42.88797
42.87299
42.86833
42.8652
42.86051
42.8587
42.85985
42.86067
42.86067
42.86109
42.86171
42.86162
42.86135
42.85969
42.85933
42.85901
42.85869
42.85852
42.85798
42.85698
42.85546
42.85528
42.85489
42.85373
42.85235
42.85249
42.85134
42.85024
42.84974
42.84711
42.84452
42.84415
42.84342
42.84336
42.84282
42.84231
42.84069
42.84056
42.84053
42.84069
42.83974
42.83922
42.83905
42.83869
42.8386
42.83851
42.83884
42.83892
42.83889
42.83818
42.83818
42.83848
42.83853
42.8394
42.84002
42.84039
42.84075
42.84104
42.84125
42.84246
42.84343
42.84351
42.8433
42.84327
42.84361
42.84361
42.84432
42.84528
42.8463
42.84634
42.84606
42.84584
42.84573
42.84594
42.84623
42.84695
42.84688
42.84652
42.84625
42.84583
42.84567
42.84535
42.8461
42.84758
42.84917
42.85043
42.85118
42.85133
42.85208
42.85229
42.85239
42.85321

