-2.95793
-2.95713
-2.95483
-2.95417
-2.95248
-2.95108
-2.94822
-2.94805
-2.94794
-2.94791
-2.94782
-2.9453
-2.94209
-2.94197
-2.94186
-2.94186
-2.94184
-2.94177
-2.94177
-2.94177
-2.94221
-2.94253
-2.94404
-2.94711
-2.95035
-2.95045
-2.94985
-2.94893
-2.94733
-2.94628
-2.94595
-2.94549
-2.94632
-2.94653
-2.9466
-2.94663
-2.94669
-2.94686
-2.94774
-2.94774
-2.94638
-2.9496
-2.95805
-2.96234
-2.95796
-2.95285
-2.94856
-2.94468
-2.93936
-2.93213
-2.9278
-2.92258
-2.9157
-2.91493
-2.91525
-2.91084
-2.90571
-2.90036
-2.89678
-2.89517
-2.89313
-2.89315
-2.89593
-2.89677
-2.90106
-2.90793
-2.9162
-2.92408
-2.93274
-2.93798
-2.93616
-2.93139
-2.92279
-2.91661
-2.91442
-2.91566
-2.91869
-2.91484
-2.91723
-2.92368
-2.93051
-2.9327
-2.92782
-2.9232
-2.91661
-2.91255
-2.9039
-2.89786
-2.8875
-2.87857
-2.87023
-2.87155
-2.87825
-2.87359
-2.87175
-2.86701
-2.86117
-2.83835
-2.82088
-2.80588
-2.79203
-2.78038
-2.76933
-2.76103
-2.75333
-2.74279
-2.73273
-2.71615
-2.69759
-2.6913
-2.68856
-2.68644
-2.68327
-2.68162
-2.68183
-2.68183
-2.68183
-2.68251
-2.68309
-2.68361
-2.68383
-2.68268
-2.68243
-2.68245
-2.68199
-2.68163
-2.68133
-2.68087
-2.68014
-2.6801
-2.68005
-2.68022
-2.68053
-2.6805
-2.68073
-2.68097
-2.68116
-2.68189
-2.68249
-2.68257
-2.68271
-2.68272
-2.68285
-2.68314
-2.68342
-2.68354
-2.68331
-2.68237
-2.6814
-2.67805
-2.67652
-2.67357
-2.67198
-2.67065
-2.67015
-2.66919
-2.66859
-2.66874
-2.66874
-2.66862
-2.66728
-2.66767
-2.66831
-2.66827
-2.67143
-2.67357
-2.6746
-2.67449
-2.67444
-2.67546
-2.67583
-2.67618
-2.67716
-2.67716
-2.67844
-2.67879
-2.67914
-2.67885
-2.67797
-2.67687
-2.67641
-2.67479
-2.67385
-2.67316
-2.6716
-2.67102
-2.66893
-2.66556
-2.66427
-2.66154
-2.66141
-2.66139
-2.66132
-2.66122
-2.66111
-2.66113
-2.66096
-2.66092
-2.66121
-2.66311

