[43.27436,-2.95793],
[43.27484,-2.95739],
[43.27487,-2.95735],
[43.27495,-2.95726],
[43.27495,-2.95726],
[43.2749,-2.95718],
[43.27487,-2.95713],
[43.27444,-2.95639],
[43.27441,-2.95635],
[43.27405,-2.95541],
[43.27401,-2.95531],
[43.27397,-2.9552],
[43.27384,-2.95483],
[43.27378,-2.95474],
[43.27371,-2.95455],
[43.27364,-2.95431],
[43.27362,-2.95419],
[43.27362,-2.95419],
[43.27361,-2.95417],
[43.27361,-2.95417],
[43.27356,-2.95409],
[43.27347,-2.95384],
[43.2733,-2.95333],
[43.27323,-2.95312],
[43.27305,-2.95248],
[43.27302,-2.95233],
[43.27302,-2.95233],
[43.27297,-2.95205],
[43.2729,-2.9517],
[43.27285,-2.95142],
[43.2728,-2.95108],
[43.27269,-2.95041],
[43.27257,-2.94968],
[43.27255,-2.94959],
[43.27254,-2.94953],
[43.27237,-2.94844],
[43.27231,-2.94822],
[43.27225,-2.94805],
[43.27216,-2.94794],
[43.27211,-2.94791],
[43.27199,-2.94782],
[43.27199,-2.94782],
[43.2719,-2.94736],
[43.2719,-2.94736],
[43.27187,-2.94598],
[43.27186,-2.94573],
[43.27184,-2.9453],
[43.27181,-2.94502],
[43.27164,-2.94383],
[43.27162,-2.94369],
[43.27158,-2.94341],
[43.27147,-2.94259],
[43.2714,-2.94209],
[43.27136,-2.94197],
[43.27131,-2.94186],
[43.27131,-2.94186],
[43.27126,-2.94184],
[43.27122,-2.94181],
[43.27119,-2.94175],
[43.27119,-2.94175],
[43.27108,-2.94173],
[43.27102,-2.94174],
[43.27098,-2.94177],
[43.27098,-2.94177],
[43.27098,-2.94177],
[43.27086,-2.94189],
[43.27073,-2.94204],
[43.27058,-2.94213],
[43.27044,-2.94218],
[43.27027,-2.94221],
[43.27016,-2.94221],
[43.27001,-2.9422],
[43.26965,-2.94218],
[43.26944,-2.94217],
[43.26944,-2.94217],
[43.2694,-2.94229],
[43.26937,-2.94253],
[43.26931,-2.94314],
[43.26927,-2.94352],
[43.26925,-2.94365],
[43.26923,-2.94379],
[43.26922,-2.9439],
[43.2692,-2.94404],
[43.26918,-2.94421],
[43.26893,-2.94518],
[43.26888,-2.94537],
[43.26872,-2.94599],
[43.26843,-2.94695],
[43.26838,-2.94711],
[43.26833,-2.94739],
[43.26823,-2.94795],
[43.26818,-2.94832],
[43.26813,-2.94866],
[43.26811,-2.94886],
[43.2681,-2.94896],
[43.26809,-2.9491],
[43.26808,-2.94917],
[43.26808,-2.94917],
[43.26811,-2.94922],
[43.26811,-2.94922],
[43.2681,-2.94927],
[43.26809,-2.94934],
[43.26809,-2.94934],
[43.26806,-2.94952],
[43.26799,-2.9498],
[43.26792,-2.95006],
[43.26792,-2.95006],
[43.26792,-2.95016],
[43.26789,-2.95026],
[43.26785,-2.95035],
[43.2678,-2.95042],
[43.26773,-2.95047],
[43.26766,-2.9505],
[43.26758,-2.95051],
[43.26751,-2.95049],
[43.26744,-2.95045],
[43.26737,-2.95037],
[43.26732,-2.95028],
[43.26729,-2.95018],
[43.26728,-2.95006],
[43.2673,-2.94995],
[43.26733,-2.94985],
[43.26738,-2.94976],
[43.26738,-2.94976],
[43.26745,-2.94955],
[43.2675,-2.94931],
[43.2675,-2.94931],
[43.26758,-2.94893],
[43.2677,-2.94843],
[43.26779,-2.94801],
[43.26781,-2.94783],
[43.26781,-2.94766],
[43.2678,-2.94749],
[43.26777,-2.94733],
[43.26773,-2.94716],
[43.26765,-2.94695],
[43.26757,-2.94679],
[43.26746,-2.94661],
[43.26733,-2.94647],
[43.26714,-2.94633],
[43.26648,-2.94596],
[43.26648,-2.94596],
[43.2664,-2.94597],
[43.26633,-2.946],
[43.26626,-2.94605],
[43.2662,-2.94612],
[43.26615,-2.94617],
[43.26603,-2.94625],
[43.266,-2.94626],
[43.26593,-2.94628],
[43.26584,-2.94628],
[43.26579,-2.94627],
[43.2657,-2.94623],
[43.2656,-2.94617],
[43.26552,-2.94608],
[43.26544,-2.94595],
[43.26529,-2.94568],
[43.26523,-2.94558],
[43.26523,-2.94558],
[43.26521,-2.94554],
[43.26518,-2.94549],
[43.26518,-2.94549],
[43.26515,-2.94547],
[43.26512,-2.94545],
[43.26512,-2.94545],
[43.26494,-2.94543],
[43.26484,-2.94544],
[43.26474,-2.94547],
[43.26439,-2.94562],
[43.26382,-2.94584],
[43.26332,-2.94605],
[43.26321,-2.9461],
[43.26269,-2.94632],
[43.26262,-2.94635],
[43.26235,-2.94647],
[43.26235,-2.94647],
[43.26234,-2.94653],
[43.26234,-2.9466],
[43.26234,-2.94663],
[43.26234,-2.94669],
[43.26237,-2.94686],
[43.26256,-2.94774],
[43.26256,-2.94774],
[43.26254,-2.94638],
[43.26235,-2.94647],
[43.26214,-2.94655],
[43.26106,-2.94696],
[43.26106,-2.94696],
[43.26096,-2.94703],
[43.26089,-2.94711],
[43.26086,-2.94715],
[43.26084,-2.94722],
[43.26084,-2.94726],
[43.26086,-2.94733],
[43.26086,-2.94733],
[43.26091,-2.9474],
[43.26094,-2.94745],
[43.26152,-2.94832],
[43.26161,-2.94847],
[43.26176,-2.9487],
[43.26236,-2.9496],
[43.26244,-2.94972],
[43.26248,-2.94978],
[43.26251,-2.94983],
[43.26273,-2.95016],
[43.26273,-2.95016],
[43.2628,-2.95029],
[43.26303,-2.95074],
[43.26365,-2.95199],
[43.26372,-2.95214],
[43.26381,-2.95242],
[43.26385,-2.95271],
[43.26384,-2.95308],
[43.26378,-2.95341],
[43.26347,-2.95433],
[43.26324,-2.95498],
[43.26305,-2.95582],
[43.26298,-2.95627],
[43.26293,-2.95674],
[43.26291,-2.95702],
[43.26291,-2.95713],
[43.2629,-2.95752],
[43.2629,-2.95752],
[43.26295,-2.95805],
[43.26301,-2.95846],
[43.26308,-2.95879],
[43.26318,-2.95909],
[43.26321,-2.95918],
[43.26321,-2.95918],
[43.26337,-2.95956],
[43.26347,-2.95974],
[43.26357,-2.95988],
[43.26388,-2.96038],
[43.26404,-2.9607],
[43.26409,-2.96103],
[43.26409,-2.96103],
[43.2641,-2.96123],
[43.26408,-2.96144],
[43.26396,-2.96185],
[43.26371,-2.96225],
[43.26356,-2.96234],
[43.26341,-2.96239],
[43.26307,-2.96245],
[43.26283,-2.96235],
[43.26251,-2.96205],
[43.26237,-2.96171],
[43.26227,-2.96124],
[43.26221,-2.96088],
[43.26211,-2.96037],
[43.26202,-2.96011],
[43.26188,-2.95987],
[43.26167,-2.95962],
[43.26145,-2.95939],
[43.26113,-2.95918],
[43.26082,-2.95891],
[43.26064,-2.95867],
[43.26033,-2.95827],
[43.26013,-2.95796],
[43.25996,-2.95761],
[43.25975,-2.95699],
[43.25962,-2.95645],
[43.25948,-2.95577],
[43.25948,-2.95577],
[43.25941,-2.95556],
[43.25929,-2.95524],
[43.25919,-2.955],
[43.25906,-2.95476],
[43.2589,-2.95449],
[43.25865,-2.95417],
[43.2584,-2.95392],
[43.258,-2.95366],
[43.25766,-2.95346],
[43.25714,-2.95316],
[43.25694,-2.953],
[43.25675,-2.95285],
[43.25658,-2.95266],
[43.25634,-2.9523],
[43.25614,-2.95194],
[43.25597,-2.95157],
[43.25592,-2.95144],
[43.25564,-2.95057],
[43.25552,-2.95027],
[43.25536,-2.94998],
[43.2552,-2.94975],
[43.25495,-2.94949],
[43.25478,-2.94935],
[43.25458,-2.94922],
[43.2542,-2.94903],
[43.254,-2.94893],
[43.25397,-2.94892],
[43.25364,-2.94871],
[43.25344,-2.94856],
[43.2533,-2.94844],
[43.25312,-2.94825],
[43.25303,-2.94814],
[43.25294,-2.94801],
[43.2528,-2.94778],
[43.25271,-2.94761],
[43.25262,-2.94743],
[43.25254,-2.94723],
[43.25245,-2.94701],
[43.25227,-2.94655],
[43.25212,-2.94621],
[43.25197,-2.94593],
[43.25187,-2.94575],
[43.25165,-2.94547],
[43.25144,-2.94526],
[43.25107,-2.94493],
[43.25075,-2.94468],
[43.25057,-2.94451],
[43.25043,-2.94437],
[43.25024,-2.94416],
[43.24976,-2.94356],
[43.24954,-2.9433],
[43.24924,-2.94302],
[43.24861,-2.94249],
[43.24835,-2.94225],
[43.24816,-2.94202],
[43.24801,-2.94175],
[43.24792,-2.94159],
[43.24777,-2.94129],
[43.24765,-2.94094],
[43.24757,-2.94062],
[43.2475,-2.94013],
[43.24748,-2.93976],
[43.2475,-2.93936],
[43.24755,-2.93892],
[43.24766,-2.93842],
[43.24778,-2.93782],
[43.24786,-2.93732],
[43.24788,-2.93698],
[43.24788,-2.93665],
[43.24785,-2.93623],
[43.24778,-2.93582],
[43.24759,-2.93512],
[43.24731,-2.93441],
[43.24717,-2.93407],
[43.24698,-2.93373],
[43.24659,-2.93314],
[43.24619,-2.93266],
[43.24588,-2.93234],
[43.24564,-2.93213],
[43.2453,-2.93188],
[43.24468,-2.93146],
[43.24443,-2.93129],
[43.2442,-2.9311],
[43.24403,-2.93092],
[43.2439,-2.93078],
[43.24375,-2.93057],
[43.24358,-2.93028],
[43.24343,-2.92996],
[43.24329,-2.92964],
[43.24312,-2.92924],
[43.24296,-2.92892],
[43.24277,-2.9286],
[43.24257,-2.92832],
[43.24236,-2.9281],
[43.24217,-2.92791],
[43.24202,-2.9278],
[43.24181,-2.92765],
[43.24162,-2.92754],
[43.24141,-2.92743],
[43.24093,-2.9272],
[43.24056,-2.92702],
[43.24032,-2.92693],
[43.24,-2.92673],
[43.23945,-2.92629],
[43.23916,-2.926],
[43.23897,-2.92576],
[43.2387,-2.92535],
[43.23851,-2.92496],
[43.23843,-2.92471],
[43.23835,-2.92441],
[43.23829,-2.924],
[43.23821,-2.92312],
[43.23816,-2.92258],
[43.23807,-2.92213],
[43.23788,-2.92158],
[43.23762,-2.92106],
[43.23731,-2.92067],
[43.23701,-2.9204],
[43.23605,-2.91957],
[43.23576,-2.91928],
[43.23545,-2.91887],
[43.23525,-2.91855],
[43.23525,-2.91855],
[43.23483,-2.91788],
[43.23469,-2.91765],
[43.23428,-2.917],
[43.23405,-2.91671],
[43.23381,-2.91642],
[43.2334,-2.91599],
[43.23307,-2.9157],
[43.23293,-2.91559],
[43.23266,-2.9154],
[43.23239,-2.91522],
[43.23214,-2.91509],
[43.23189,-2.91496],
[43.23167,-2.91488],
[43.23153,-2.91484],
[43.23135,-2.91479],
[43.23118,-2.91475],
[43.23104,-2.91473],
[43.23088,-2.91471],
[43.23061,-2.9147],
[43.23036,-2.91473],
[43.23017,-2.91474],
[43.22997,-2.91478],
[43.22969,-2.91484],
[43.22939,-2.91493],
[43.22929,-2.91497],
[43.22875,-2.91519],
[43.22809,-2.91548],
[43.22766,-2.91564],
[43.22739,-2.91572],
[43.22715,-2.91577],
[43.22679,-2.91583],
[43.22646,-2.91585],
[43.22608,-2.91584],
[43.22579,-2.91581],
[43.2255,-2.91575],
[43.22532,-2.91571],
[43.22502,-2.91562],
[43.22472,-2.9155],
[43.22444,-2.91537],
[43.22424,-2.91525],
[43.2241,-2.91517],
[43.22397,-2.91508],
[43.22383,-2.91499],
[43.2237,-2.91488],
[43.22358,-2.91479],
[43.22326,-2.91451],
[43.22294,-2.9142],
[43.22283,-2.91409],
[43.22244,-2.91368],
[43.22212,-2.91333],
[43.22153,-2.91262],
[43.22123,-2.91226],
[43.22084,-2.91178],
[43.22075,-2.91166],
[43.22052,-2.91137],
[43.22038,-2.9112],
[43.22012,-2.91084],
[43.21996,-2.91061],
[43.21978,-2.91037],
[43.21936,-2.90976],
[43.21908,-2.90932],
[43.21892,-2.90907],
[43.21878,-2.90884],
[43.21857,-2.9085],
[43.21841,-2.9082],
[43.2183,-2.90798],
[43.21815,-2.90769],
[43.21805,-2.90749],
[43.21797,-2.90731],
[43.21781,-2.90693],
[43.21769,-2.90662],
[43.2176,-2.90639],
[43.21748,-2.90604],
[43.21737,-2.90571],
[43.21723,-2.90524],
[43.21717,-2.90502],
[43.21708,-2.90466],
[43.21704,-2.90447],
[43.21699,-2.90423],
[43.21692,-2.90386],
[43.21688,-2.90369],
[43.21684,-2.90344],
[43.21677,-2.90303],
[43.21672,-2.90264],
[43.21658,-2.90179],
[43.21653,-2.90143],
[43.21647,-2.90109],
[43.21644,-2.90092],
[43.2164,-2.90076],
[43.21635,-2.90053],
[43.21631,-2.90036],
[43.21627,-2.90018],
[43.21621,-2.89996],
[43.21615,-2.89976],
[43.21608,-2.89954],
[43.21597,-2.89926],
[43.21592,-2.89911],
[43.21586,-2.89895],
[43.21577,-2.89876],
[43.2157,-2.89861],
[43.21561,-2.89844],
[43.21543,-2.8981],
[43.21527,-2.89783],
[43.21511,-2.89758],
[43.2149,-2.89728],
[43.21479,-2.89713],
[43.21468,-2.897],
[43.21448,-2.89678],
[43.21429,-2.8966],
[43.21409,-2.89641],
[43.21389,-2.89625],
[43.2136,-2.89605],
[43.21347,-2.89596],
[43.21325,-2.89584],
[43.21305,-2.89573],
[43.21277,-2.89561],
[43.21259,-2.89554],
[43.2124,-2.89548],
[43.21223,-2.89542],
[43.21204,-2.89539],
[43.21183,-2.89535],
[43.21155,-2.89531],
[43.21116,-2.89527],
[43.2108,-2.89523],
[43.21037,-2.89517],
[43.21014,-2.89513],
[43.21006,-2.89511],
[43.20976,-2.89502],
[43.20945,-2.89491],
[43.20906,-2.89475],
[43.20891,-2.89467],
[43.20873,-2.89457],
[43.20864,-2.89451],
[43.20836,-2.89434],
[43.20816,-2.89421],
[43.2079,-2.89403],
[43.20774,-2.89392],
[43.20739,-2.89368],
[43.20724,-2.89359],
[43.2069,-2.89339],
[43.20667,-2.89327],
[43.20637,-2.89313],
[43.20606,-2.89301],
[43.20585,-2.89293],
[43.20561,-2.89287],
[43.20548,-2.89284],
[43.20534,-2.89281],
[43.20517,-2.89278],
[43.20501,-2.89275],
[43.20484,-2.89272],
[43.20466,-2.89271],
[43.20456,-2.8927],
[43.20422,-2.89269],
[43.20389,-2.8927],
[43.20361,-2.89273],
[43.20328,-2.89278],
[43.20284,-2.89289],
[43.20271,-2.89293],
[43.20216,-2.89315],
[43.20147,-2.89348],
[43.20085,-2.89389],
[43.20015,-2.89448],
[43.19977,-2.89484],
[43.19923,-2.89535],
[43.19883,-2.89571],
[43.19827,-2.89615],
[43.19763,-2.89649],
[43.19684,-2.89681],
[43.19643,-2.89697],
[43.19602,-2.89707],
[43.1953,-2.89714],
[43.1945,-2.89711],
[43.19351,-2.8969],
[43.1925,-2.89661],
[43.19163,-2.89633],
[43.19074,-2.89593],
[43.18953,-2.89528],
[43.18926,-2.89513],
[43.18859,-2.89487],
[43.18831,-2.89479],
[43.18796,-2.89471],
[43.18762,-2.89467],
[43.18703,-2.89464],
[43.18652,-2.89467],
[43.18584,-2.89478],
[43.18512,-2.89499],
[43.18448,-2.89528],
[43.18383,-2.89564],
[43.18372,-2.89571],
[43.18336,-2.89598],
[43.18314,-2.89617],
[43.18277,-2.89653],
[43.18255,-2.89677],
[43.1823,-2.89705],
[43.18207,-2.8973],
[43.18195,-2.89743],
[43.18177,-2.89763],
[43.1814,-2.89801],
[43.1813,-2.89811],
[43.18093,-2.89844],
[43.18045,-2.89883],
[43.1802,-2.89902],
[43.17977,-2.89935],
[43.17952,-2.89954],
[43.17924,-2.89976],
[43.1791,-2.89987],
[43.17884,-2.9001],
[43.17846,-2.90046],
[43.17833,-2.9006],
[43.17792,-2.90106],
[43.17752,-2.90156],
[43.17721,-2.90201],
[43.17682,-2.90261],
[43.17646,-2.90327],
[43.17626,-2.90371],
[43.17574,-2.905],
[43.17557,-2.90553],
[43.17541,-2.90614],
[43.17526,-2.90677],
[43.17515,-2.90737],
[43.17505,-2.90793],
[43.17486,-2.90919],
[43.17476,-2.90976],
[43.17463,-2.91034],
[43.17449,-2.91087],
[43.17433,-2.9114],
[43.17411,-2.91199],
[43.17398,-2.91232],
[43.17383,-2.91266],
[43.17348,-2.91336],
[43.17331,-2.91368],
[43.1731,-2.91407],
[43.17292,-2.91435],
[43.17273,-2.91461],
[43.17223,-2.91523],
[43.17196,-2.91554],
[43.17159,-2.91593],
[43.1713,-2.9162],
[43.17097,-2.91647],
[43.17022,-2.917],
[43.16953,-2.91737],
[43.16898,-2.91759],
[43.16835,-2.91779],
[43.16737,-2.91804],
[43.16717,-2.91811],
[43.16665,-2.9183],
[43.16613,-2.91855],
[43.16465,-2.91962],
[43.16354,-2.92081],
[43.16307,-2.92149],
[43.16251,-2.92235],
[43.16213,-2.92295],
[43.16189,-2.92331],
[43.16164,-2.92368],
[43.16134,-2.92408],
[43.16099,-2.92451],
[43.16057,-2.92497],
[43.16014,-2.92541],
[43.15977,-2.92581],
[43.15928,-2.92637],
[43.15904,-2.92668],
[43.15871,-2.92714],
[43.15836,-2.9277],
[43.15815,-2.92802],
[43.15798,-2.92831],
[43.15777,-2.92874],
[43.15749,-2.9294],
[43.15727,-2.92994],
[43.15718,-2.93017],
[43.15673,-2.93166],
[43.1565,-2.93232],
[43.15636,-2.93274],
[43.1562,-2.93315],
[43.15604,-2.93353],
[43.1559,-2.93383],
[43.15571,-2.93422],
[43.15544,-2.93469],
[43.15509,-2.93523],
[43.15477,-2.93565],
[43.15461,-2.93585],
[43.15429,-2.93621],
[43.15401,-2.93648],
[43.15383,-2.93664],
[43.15364,-2.93681],
[43.15324,-2.93713],
[43.1529,-2.93736],
[43.1525,-2.93761],
[43.15204,-2.93785],
[43.15178,-2.93798],
[43.15153,-2.93808],
[43.15097,-2.93828],
[43.15057,-2.93839],
[43.15014,-2.93847],
[43.14963,-2.93854],
[43.14923,-2.93857],
[43.14868,-2.93857],
[43.14821,-2.93853],
[43.14768,-2.93845],
[43.1472,-2.93835],
[43.14652,-2.93819],
[43.14584,-2.938],
[43.14449,-2.93759],
[43.14359,-2.9373],
[43.14263,-2.93695],
[43.14217,-2.93677],
[43.14063,-2.93616],
[43.14014,-2.93597],
[43.13923,-2.93602],
[43.13908,-2.93595],
[43.139,-2.93592],
[43.13894,-2.93588],
[43.13866,-2.93574],
[43.13787,-2.93488],
[43.13748,-2.93463],
[43.13708,-2.93443],
[43.13601,-2.93384],
[43.13556,-2.93355],
[43.13508,-2.93324],
[43.1348,-2.93303],
[43.13456,-2.93284],
[43.13408,-2.93241],
[43.13358,-2.93191],
[43.13313,-2.93139],
[43.13292,-2.93113],
[43.13264,-2.93073],
[43.13231,-2.93022],
[43.13213,-2.92993],
[43.13189,-2.92952],
[43.13173,-2.9292],
[43.13144,-2.92857],
[43.13088,-2.92737],
[43.13062,-2.92681],
[43.13039,-2.92639],
[43.13013,-2.92592],
[43.12986,-2.9255],
[43.12966,-2.92521],
[43.12947,-2.92495],
[43.12904,-2.92441],
[43.12848,-2.9238],
[43.12755,-2.92279],
[43.12728,-2.92245],
[43.12702,-2.92212],
[43.12676,-2.92176],
[43.12653,-2.92141],
[43.12579,-2.92026],
[43.12547,-2.91979],
[43.12507,-2.91925],
[43.1248,-2.91893],
[43.12454,-2.91864],
[43.12416,-2.91825],
[43.12377,-2.9179],
[43.12339,-2.9176],
[43.12301,-2.91732],
[43.12267,-2.9171],
[43.12234,-2.91691],
[43.12207,-2.91677],
[43.12173,-2.91661],
[43.12137,-2.91647],
[43.12098,-2.91634],
[43.12053,-2.91622],
[43.1201,-2.91613],
[43.1195,-2.91604],
[43.11892,-2.91596],
[43.11849,-2.91589],
[43.11817,-2.91582],
[43.11775,-2.91571],
[43.11732,-2.91557],
[43.116,-2.91506],
[43.11529,-2.91482],
[43.11479,-2.91468],
[43.11419,-2.91455],
[43.11371,-2.91448],
[43.11342,-2.91444],
[43.113,-2.91442],
[43.11254,-2.91441],
[43.11209,-2.91443],
[43.11163,-2.91447],
[43.11066,-2.91464],
[43.10985,-2.91486],
[43.10901,-2.91511],
[43.10852,-2.91525],
[43.10808,-2.91536],
[43.10767,-2.91544],
[43.10723,-2.91549],
[43.10656,-2.91553],
[43.10585,-2.91551],
[43.10508,-2.91549],
[43.1045,-2.9155],
[43.10419,-2.91553],
[43.10378,-2.91559],
[43.10342,-2.91566],
[43.10303,-2.91575],
[43.10266,-2.91587],
[43.10227,-2.91603],
[43.10184,-2.91623],
[43.10142,-2.91645],
[43.10081,-2.91684],
[43.10004,-2.91734],
[43.09969,-2.91755],
[43.09924,-2.91779],
[43.0988,-2.918],
[43.09837,-2.91816],
[43.09784,-2.91833],
[43.0972,-2.91848],
[43.09666,-2.91857],
[43.09618,-2.91863],
[43.09573,-2.91868],
[43.09524,-2.91869],
[43.09463,-2.91869],
[43.09402,-2.91864],
[43.09351,-2.91858],
[43.09286,-2.91846],
[43.09224,-2.91831],
[43.09147,-2.91808],
[43.09114,-2.91797],
[43.09082,-2.91784],
[43.09038,-2.91765],
[43.08973,-2.9173],
[43.08917,-2.91698],
[43.08852,-2.91659],
[43.08753,-2.91595],
[43.08659,-2.91535],
[43.08625,-2.91516],
[43.08594,-2.91501],
[43.08551,-2.91484],
[43.0851,-2.91471],
[43.08466,-2.91463],
[43.08425,-2.9146],
[43.08392,-2.9146],
[43.08359,-2.91464],
[43.08319,-2.91471],
[43.08289,-2.9148],
[43.08252,-2.91494],
[43.08122,-2.91556],
[43.0809,-2.91571],
[43.08055,-2.91585],
[43.0799,-2.9161],
[43.07939,-2.9163],
[43.07897,-2.9165],
[43.07851,-2.91678],
[43.0782,-2.91701],
[43.07794,-2.91723],
[43.0777,-2.91746],
[43.07736,-2.91784],
[43.07682,-2.91854],
[43.07631,-2.91919],
[43.07601,-2.91953],
[43.07569,-2.91983],
[43.07527,-2.92018],
[43.07457,-2.92068],
[43.07426,-2.92093],
[43.07398,-2.92116],
[43.07383,-2.92129],
[43.07369,-2.92144],
[43.07349,-2.92166],
[43.07281,-2.9225],
[43.07233,-2.92311],
[43.07204,-2.92342],
[43.07178,-2.92368],
[43.07146,-2.92397],
[43.07113,-2.92421],
[43.07057,-2.92463],
[43.07016,-2.92494],
[43.06986,-2.92519],
[43.06951,-2.92552],
[43.06919,-2.92586],
[43.06892,-2.9262],
[43.06866,-2.92658],
[43.0684,-2.927],
[43.06769,-2.92823],
[43.06735,-2.92877],
[43.06707,-2.92917],
[43.06672,-2.92959],
[43.06642,-2.9299],
[43.06607,-2.9302],
[43.06566,-2.93051],
[43.06526,-2.93076],
[43.06488,-2.93093],
[43.06446,-2.93108],
[43.06405,-2.93118],
[43.06368,-2.93124],
[43.06335,-2.93125],
[43.06273,-2.93126],
[43.06212,-2.93126],
[43.06168,-2.93129],
[43.06124,-2.93137],
[43.06081,-2.9315],
[43.06037,-2.93168],
[43.05928,-2.93225],
[43.05895,-2.93239],
[43.05853,-2.93254],
[43.05817,-2.93264],
[43.05773,-2.9327],
[43.05749,-2.93272],
[43.0572,-2.93272],
[43.05692,-2.93269],
[43.05659,-2.93265],
[43.05613,-2.93252],
[43.05578,-2.93239],
[43.05541,-2.93222],
[43.05502,-2.93199],
[43.0546,-2.93169],
[43.05433,-2.93146],
[43.05406,-2.93119],
[43.05377,-2.93088],
[43.05351,-2.93056],
[43.0532,-2.93015],
[43.0527,-2.92942],
[43.05223,-2.92868],
[43.0517,-2.92782],
[43.05137,-2.92731],
[43.05112,-2.92694],
[43.05085,-2.92658],
[43.05053,-2.92618],
[43.05016,-2.92579],
[43.04981,-2.92544],
[43.04938,-2.92509],
[43.04897,-2.92478],
[43.04853,-2.9245],
[43.04817,-2.92431],
[43.04779,-2.92412],
[43.04747,-2.92399],
[43.04708,-2.92387],
[43.04662,-2.92373],
[43.04591,-2.92355],
[43.04544,-2.92342],
[43.04487,-2.9232],
[43.04432,-2.92294],
[43.04392,-2.92271],
[43.04348,-2.92242],
[43.04306,-2.92213],
[43.04275,-2.92191],
[43.04223,-2.92157],
[43.04185,-2.92136],
[43.04137,-2.92112],
[43.04085,-2.92091],
[43.04028,-2.92068],
[43.03971,-2.92041],
[43.03903,-2.92],
[43.03859,-2.91968],
[43.03854,-2.91964],
[43.03809,-2.91922],
[43.03725,-2.91839],
[43.0362,-2.91705],
[43.03586,-2.91661],
[43.03459,-2.91509],
[43.03351,-2.91413],
[43.03255,-2.9134],
[43.03168,-2.91288],
[43.03077,-2.91244],
[43.02994,-2.91214],
[43.02911,-2.91193],
[43.02822,-2.91183],
[43.02736,-2.91183],
[43.02638,-2.91198],
[43.02542,-2.91222],
[43.02429,-2.91246],
[43.02374,-2.91255],
[43.02332,-2.91258],
[43.02288,-2.91259],
[43.02265,-2.91258],
[43.02239,-2.91255],
[43.02196,-2.91247],
[43.02166,-2.91238],
[43.02133,-2.91226],
[43.02106,-2.91213],
[43.02068,-2.91191],
[43.02027,-2.91163],
[43.01976,-2.91118],
[43.01929,-2.91073],
[43.01882,-2.91022],
[43.01836,-2.90969],
[43.01752,-2.90864],
[43.01588,-2.90649],
[43.01525,-2.90573],
[43.01467,-2.90509],
[43.01409,-2.90452],
[43.01382,-2.90427],
[43.0134,-2.9039],
[43.01301,-2.9036],
[43.01253,-2.90329],
[43.01198,-2.90304],
[43.0116,-2.90289],
[43.01122,-2.90271],
[43.01055,-2.90235],
[43.01024,-2.90214],
[43.00991,-2.90188],
[43.00952,-2.9015],
[43.00927,-2.90123],
[43.00905,-2.90093],
[43.00883,-2.90062],
[43.00824,-2.89971],
[43.00792,-2.89923],
[43.00763,-2.89886],
[43.00733,-2.89851],
[43.00702,-2.89821],
[43.00659,-2.89786],
[43.00611,-2.89754],
[43.0053,-2.89707],
[43.00489,-2.89681],
[43.00445,-2.89648],
[43.00406,-2.89614],
[43.00365,-2.8957],
[43.00332,-2.8953],
[43.00294,-2.89475],
[43.00263,-2.89423],
[43.00235,-2.8937],
[43.00216,-2.89328],
[43.00195,-2.89281],
[43.00124,-2.89108],
[43.00072,-2.88984],
[43.00035,-2.88905],
[43.00003,-2.88841],
[42.99955,-2.8875],
[42.99899,-2.8865],
[42.99856,-2.8857],
[42.99831,-2.88518],
[42.99805,-2.88458],
[42.99783,-2.88405],
[42.99755,-2.88331],
[42.99729,-2.8826],
[42.99702,-2.88187],
[42.99681,-2.88133],
[42.9966,-2.88082],
[42.99643,-2.88044],
[42.99625,-2.88009],
[42.99603,-2.87971],
[42.99585,-2.87941],
[42.99564,-2.8791],
[42.99543,-2.87881],
[42.99524,-2.87857],
[42.99494,-2.87823],
[42.99465,-2.87792],
[42.99428,-2.87756],
[42.99331,-2.8767],
[42.99259,-2.87603],
[42.99186,-2.87527],
[42.99135,-2.87465],
[42.99094,-2.87413],
[42.9905,-2.87353],
[42.98986,-2.8726],
[42.98923,-2.87176],
[42.98894,-2.87141],
[42.98861,-2.87107],
[42.98829,-2.87079],
[42.98806,-2.87061],
[42.98772,-2.87038],
[42.98746,-2.87023],
[42.98716,-2.8701],
[42.98671,-2.86993],
[42.98628,-2.86983],
[42.98601,-2.86979],
[42.98576,-2.86977],
[42.98532,-2.86977],
[42.98493,-2.8698],
[42.98451,-2.86986],
[42.98419,-2.86994],
[42.98378,-2.87007],
[42.98351,-2.87018],
[42.98315,-2.87037],
[42.98284,-2.87057],
[42.98264,-2.87071],
[42.98244,-2.87088],
[42.98211,-2.87117],
[42.98176,-2.87155],
[42.98129,-2.8721],
[42.98089,-2.87258],
[42.98046,-2.87304],
[42.97993,-2.87353],
[42.97961,-2.87377],
[42.97926,-2.87401],
[42.97784,-2.8748],
[42.97701,-2.87532],
[42.97658,-2.87568],
[42.97619,-2.87606],
[42.97542,-2.87687],
[42.97503,-2.87722],
[42.97461,-2.87754],
[42.97414,-2.8778],
[42.97365,-2.87801],
[42.97322,-2.87815],
[42.97279,-2.87825],
[42.97228,-2.8783],
[42.97184,-2.87829],
[42.97154,-2.87824],
[42.97121,-2.87817],
[42.97074,-2.87803],
[42.97032,-2.87786],
[42.97032,-2.87786],
[42.96965,-2.87757],
[42.96923,-2.87728],
[42.96884,-2.877],
[42.96845,-2.87661],
[42.96845,-2.87661],
[42.96813,-2.87625],
[42.96771,-2.87561],
[42.96736,-2.87497],
[42.96707,-2.87435],
[42.96676,-2.87359],
[42.96655,-2.8731],
[42.96636,-2.87269],
[42.96623,-2.87246],
[42.96607,-2.87228],
[42.96595,-2.87219],
[42.96582,-2.87214],
[42.96572,-2.87213],
[42.96561,-2.87215],
[42.96549,-2.87218],
[42.96522,-2.87228],
[42.96509,-2.87229],
[42.96497,-2.87228],
[42.96485,-2.87225],
[42.96472,-2.87217],
[42.96461,-2.87208],
[42.96451,-2.87195],
[42.96442,-2.87175],
[42.96435,-2.87153],
[42.9643,-2.87132],
[42.96428,-2.87114],
[42.96426,-2.8708],
[42.96428,-2.87048],
[42.96432,-2.87018],
[42.9644,-2.86965],
[42.96447,-2.86914],
[42.96452,-2.86866],
[42.96453,-2.86845],
[42.96454,-2.86826],
[42.96453,-2.86807],
[42.96452,-2.86785],
[42.96446,-2.86751],
[42.9644,-2.86721],
[42.96439,-2.86709],
[42.96437,-2.86701],
[42.96437,-2.86701],
[42.96433,-2.86677],
[42.96427,-2.86651],
[42.96416,-2.86617],
[42.96403,-2.86585],
[42.96389,-2.86554],
[42.96373,-2.86526],
[42.96359,-2.86502],
[42.96346,-2.86482],
[42.96325,-2.8645],
[42.96309,-2.86424],
[42.96299,-2.86403],
[42.96291,-2.86383],
[42.96277,-2.86344],
[42.9627,-2.86309],
[42.96265,-2.86277],
[42.96263,-2.86207],
[42.96267,-2.86117],
[42.96281,-2.85742],
[42.96285,-2.85636],
[42.96289,-2.8552],
[42.96292,-2.85374],
[42.96291,-2.85236],
[42.96282,-2.85119],
[42.9627,-2.85045],
[42.96255,-2.84964],
[42.96229,-2.84837],
[42.96205,-2.84713],
[42.96182,-2.84587],
[42.96164,-2.84474],
[42.96148,-2.84365],
[42.96134,-2.84263],
[42.96121,-2.84157],
[42.96104,-2.83994],
[42.9609,-2.83835],
[42.96081,-2.83703],
[42.96075,-2.83578],
[42.96072,-2.83474],
[42.96071,-2.83373],
[42.96071,-2.83329],
[42.96075,-2.83194],
[42.96084,-2.83051],
[42.96106,-2.82824],
[42.96115,-2.82721],
[42.96122,-2.82619],
[42.96125,-2.82571],
[42.96128,-2.82493],
[42.96128,-2.82408],
[42.96128,-2.82346],
[42.96125,-2.82284],
[42.96121,-2.82197],
[42.96112,-2.82088],
[42.96088,-2.81847],
[42.9607,-2.81606],
[42.96062,-2.81454],
[42.96056,-2.81353],
[42.96048,-2.81275],
[42.9604,-2.81217],
[42.96027,-2.81151],
[42.96014,-2.81093],
[42.95999,-2.81038],
[42.95984,-2.80991],
[42.95971,-2.80952],
[42.95956,-2.80913],
[42.95926,-2.80843],
[42.95899,-2.80785],
[42.95868,-2.80728],
[42.95838,-2.80676],
[42.95782,-2.80588],
[42.9571,-2.80483],
[42.95665,-2.80422],
[42.95576,-2.80305],
[42.95502,-2.80215],
[42.95432,-2.80132],
[42.9537,-2.80063],
[42.95225,-2.79912],
[42.95176,-2.79863],
[42.95064,-2.79738],
[42.95002,-2.79665],
[42.94947,-2.79596],
[42.94892,-2.79519],
[42.94856,-2.79466],
[42.94824,-2.79413],
[42.94786,-2.79346],
[42.94741,-2.79257],
[42.94716,-2.79203],
[42.9469,-2.79142],
[42.94669,-2.79086],
[42.94651,-2.79033],
[42.94641,-2.78995],
[42.94625,-2.78922],
[42.94616,-2.78832],
[42.9461,-2.78754],
[42.94606,-2.78653],
[42.94604,-2.78587],
[42.94596,-2.78478],
[42.94588,-2.78416],
[42.9458,-2.78361],
[42.9457,-2.78306],
[42.94553,-2.78229],
[42.94531,-2.78145],
[42.94512,-2.78085],
[42.94497,-2.78038],
[42.94471,-2.77973],
[42.94453,-2.77929],
[42.94429,-2.77877],
[42.94399,-2.77818],
[42.94379,-2.7778],
[42.94299,-2.77633],
[42.94255,-2.77549],
[42.94208,-2.77456],
[42.94177,-2.77388],
[42.94151,-2.77328],
[42.94131,-2.77275],
[42.94117,-2.77233],
[42.941,-2.77175],
[42.9409,-2.77135],
[42.94083,-2.77103],
[42.94075,-2.77064],
[42.94062,-2.76982],
[42.94057,-2.76933],
[42.94054,-2.769],
[42.94053,-2.76889],
[42.9405,-2.76824],
[42.9405,-2.7679],
[42.9405,-2.76745],
[42.94054,-2.76683],
[42.94057,-2.76641],
[42.94062,-2.76596],
[42.9407,-2.76543],
[42.94078,-2.76493],
[42.94089,-2.76439],
[42.94107,-2.76341],
[42.94119,-2.76278],
[42.94126,-2.76228],
[42.94131,-2.76192],
[42.94135,-2.76154],
[42.9414,-2.76103],
[42.94142,-2.76065],
[42.94143,-2.76023],
[42.94143,-2.75975],
[42.94142,-2.75935],
[42.9414,-2.75889],
[42.94135,-2.7583],
[42.94129,-2.75774],
[42.94122,-2.75729],
[42.94113,-2.75683],
[42.94104,-2.7564],
[42.94091,-2.75584],
[42.94074,-2.75527],
[42.94058,-2.75481],
[42.94043,-2.75441],
[42.94028,-2.75407],
[42.94013,-2.75375],
[42.93991,-2.75333],
[42.93971,-2.75299],
[42.93931,-2.75237],
[42.93858,-2.75131],
[42.93808,-2.75058],
[42.93748,-2.74972],
[42.93711,-2.74921],
[42.93685,-2.74886],
[42.93642,-2.74835],
[42.93576,-2.74763],
[42.9351,-2.74692],
[42.93384,-2.74556],
[42.93281,-2.74443],
[42.93255,-2.74414],
[42.93234,-2.74389],
[42.9319,-2.74333],
[42.93177,-2.74314],
[42.93153,-2.74279],
[42.93128,-2.74238],
[42.93102,-2.7419],
[42.93077,-2.74137],
[42.93053,-2.74083],
[42.93032,-2.7403],
[42.93011,-2.73971],
[42.92965,-2.73843],
[42.92944,-2.7379],
[42.92926,-2.73746],
[42.92904,-2.737],
[42.92882,-2.73658],
[42.92866,-2.73629],
[42.92846,-2.73597],
[42.92804,-2.73535],
[42.92753,-2.7347],
[42.92698,-2.73401],
[42.92594,-2.73273],
[42.92515,-2.73175],
[42.92492,-2.73147],
[42.92424,-2.7307],
[42.92383,-2.73026],
[42.92328,-2.72967],
[42.92267,-2.72906],
[42.92187,-2.7283],
[42.92086,-2.72741],
[42.91935,-2.7261],
[42.91855,-2.72539],
[42.91807,-2.72497],
[42.91591,-2.72306],
[42.91293,-2.72042],
[42.91256,-2.72007],
[42.91212,-2.71962],
[42.911,-2.7185],
[42.9086,-2.71615],
[42.90147,-2.70915],
[42.89979,-2.70748],
[42.89943,-2.70715],
[42.89861,-2.70634],
[42.8974,-2.70516],
[42.89583,-2.7036],
[42.89512,-2.70288],
[42.89342,-2.70121],
[42.8928,-2.70067],
[42.89215,-2.70015],
[42.89124,-2.69949],
[42.89029,-2.69888],
[42.88958,-2.69844],
[42.88918,-2.69822],
[42.88896,-2.69811],
[42.88858,-2.6979],
[42.88797,-2.69759],
[42.88784,-2.69752],
[42.88706,-2.69714],
[42.88547,-2.69651],
[42.88451,-2.69618],
[42.88354,-2.69588],
[42.88339,-2.69584],
[42.88201,-2.69549],
[42.88116,-2.69525],
[42.87981,-2.69481],
[42.87836,-2.69423],
[42.87757,-2.69388],
[42.87674,-2.6935],
[42.8765,-2.69338],
[42.87588,-2.69305],
[42.87494,-2.69253],
[42.87393,-2.69193],
[42.87314,-2.6914],
[42.87299,-2.6913],
[42.87284,-2.6912],
[42.87264,-2.69106],
[42.87232,-2.69085],
[42.87196,-2.69064],
[42.87146,-2.69041],
[42.87103,-2.69023],
[42.87061,-2.69006],
[42.87026,-2.68987],
[42.87026,-2.68987],
[42.87,-2.68969],
[42.86988,-2.68962],
[42.86977,-2.68954],
[42.86964,-2.68945],
[42.8696,-2.68942],
[42.86958,-2.6894],
[42.86938,-2.68927],
[42.86833,-2.68856],
[42.86816,-2.68844],
[42.86812,-2.68841],
[42.868,-2.68833],
[42.86715,-2.68775],
[42.86691,-2.68759],
[42.86689,-2.68758],
[42.86686,-2.68756],
[42.86676,-2.68748],
[42.86671,-2.68745],
[42.86655,-2.68735],
[42.86653,-2.68732],
[42.86639,-2.68725],
[42.86636,-2.68723],
[42.86617,-2.6871],
[42.86568,-2.68677],
[42.86529,-2.6865],
[42.8652,-2.68644],
[42.86469,-2.68608],
[42.86395,-2.68558],
[42.86373,-2.68543],
[42.8637,-2.68541],
[42.86366,-2.68538],
[42.86351,-2.68528],
[42.86346,-2.68525],
[42.86343,-2.68522],
[42.86325,-2.68511],
[42.86302,-2.68495],
[42.86296,-2.68491],
[42.86236,-2.68449],
[42.86156,-2.68396],
[42.86151,-2.68393],
[42.86142,-2.68387],
[42.86135,-2.68383],
[42.86051,-2.68327],
[42.86032,-2.68314],
[42.85997,-2.68289],
[42.85988,-2.68283],
[42.85969,-2.68268],
[42.85965,-2.68266],
[42.85961,-2.68262],
[42.85953,-2.68257],
[42.85948,-2.68253],
[42.8594,-2.68248],
[42.85933,-2.68243],
[42.85933,-2.68243],
[42.85927,-2.68245],
[42.85921,-2.68247],
[42.85911,-2.68247],
[42.85901,-2.68245],
[42.85891,-2.68239],
[42.85883,-2.68231],
[42.85876,-2.68221],
[42.85872,-2.68211],
[42.85869,-2.68199],
[42.85867,-2.68187],
[42.85867,-2.68174],
[42.8587,-2.68162],
[42.85874,-2.6815],
[42.85879,-2.68139],
[42.85886,-2.68131],
[42.85893,-2.68125],
[42.85901,-2.6812],
[42.85909,-2.68118],
[42.85918,-2.68118],
[42.85926,-2.6812],
[42.85934,-2.68123],
[42.85942,-2.68129],
[42.85948,-2.68137],
[42.85954,-2.68147],
[42.85959,-2.68159],
[42.85959,-2.68159],
[42.85971,-2.6817],
[42.85974,-2.68173],
[42.85985,-2.68183],
[42.85989,-2.68185],
[42.85999,-2.68192],
[42.85999,-2.68192],
[42.86001,-2.68185],
[42.86003,-2.6818],
[42.86008,-2.68165],
[42.86012,-2.68153],
[42.86019,-2.6815],
[42.86022,-2.68152],
[42.86067,-2.68183],
[42.86067,-2.68183],
[42.86067,-2.68183],
[42.86113,-2.68215],
[42.86116,-2.68219],
[42.86117,-2.68225],
[42.86113,-2.68236],
[42.86109,-2.68251],
[42.86108,-2.68256],
[42.86105,-2.68264],
[42.86105,-2.68264],
[42.86165,-2.68305],
[42.86171,-2.68309],
[42.86171,-2.68309],
[42.86179,-2.68315],
[42.86166,-2.6835],
[42.86164,-2.68357],
[42.86162,-2.68361],
[42.86158,-2.68372],
[42.86151,-2.68393],
[42.86151,-2.68393],
[42.86142,-2.68387],
[42.86135,-2.68383],
[42.86051,-2.68327],
[42.86032,-2.68314],
[42.85997,-2.68289],
[42.85988,-2.68283],
[42.85969,-2.68268],
[42.85965,-2.68266],
[42.85961,-2.68262],
[42.85953,-2.68257],
[42.85948,-2.68253],
[42.8594,-2.68248],
[42.85933,-2.68243],
[42.85933,-2.68243],
[42.85927,-2.68245],
[42.85921,-2.68247],
[42.85911,-2.68247],
[42.85901,-2.68245],
[42.85891,-2.68239],
[42.85883,-2.68231],
[42.85876,-2.68221],
[42.85872,-2.68211],
[42.85869,-2.68199],
[42.85867,-2.68187],
[42.85867,-2.68187],
[42.85856,-2.68169],
[42.85855,-2.68167],
[42.85852,-2.68163],
[42.85846,-2.68156],
[42.85836,-2.68151],
[42.85818,-2.68142],
[42.85813,-2.68139],
[42.85798,-2.68133],
[42.85753,-2.68112],
[42.8575,-2.68111],
[42.85728,-2.68101],
[42.85701,-2.68089],
[42.85698,-2.68087],
[42.85657,-2.68068],
[42.85565,-2.68024],
[42.85562,-2.68022],
[42.85559,-2.68021],
[42.85546,-2.68014],
[42.8554,-2.68012],
[42.85534,-2.6801],
[42.85529,-2.6801],
[42.85528,-2.6801],
[42.85528,-2.6801],
[42.8552,-2.68008],
[42.85508,-2.68007],
[42.85503,-2.68007],
[42.85496,-2.68006],
[42.85489,-2.68005],
[42.85476,-2.68006],
[42.85473,-2.68006],
[42.85439,-2.68008],
[42.8538,-2.68021],
[42.85373,-2.68022],
[42.85368,-2.68023],
[42.8528,-2.68043],
[42.85272,-2.68045],
[42.85249,-2.6805],
[42.85235,-2.68053],
[42.85231,-2.68054],
[42.85228,-2.68054],
[42.85211,-2.68057],
[42.85211,-2.68057],
[42.85249,-2.6805],
[42.85235,-2.68053],
[42.85231,-2.68054],
[42.85228,-2.68054],
[42.8516,-2.68068],
[42.85153,-2.68069],
[42.85148,-2.6807],
[42.85134,-2.68073],
[42.85125,-2.68074],
[42.8512,-2.68075],
[42.85116,-2.68076],
[42.8509,-2.68082],
[42.85055,-2.68089],
[42.85032,-2.68094],
[42.85024,-2.68097],
[42.85018,-2.68098],
[42.8501,-2.68101],
[42.85005,-2.68103],
[42.85001,-2.68104],
[42.84996,-2.68106],
[42.84984,-2.68111],
[42.84974,-2.68116],
[42.84959,-2.68124],
[42.84937,-2.68133],
[42.84751,-2.6818],
[42.84747,-2.68181],
[42.84745,-2.68181],
[42.84729,-2.68185],
[42.84711,-2.68189],
[42.84588,-2.68219],
[42.84584,-2.6822],
[42.84581,-2.68221],
[42.84579,-2.68221],
[42.84561,-2.68226],
[42.84504,-2.68238],
[42.84452,-2.68249],
[42.84447,-2.68249],
[42.84444,-2.6825],
[42.84441,-2.68251],
[42.84434,-2.68253],
[42.84425,-2.68255],
[42.84419,-2.68256],
[42.84415,-2.68257],
[42.84342,-2.68271],
[42.84342,-2.68271],
[42.84336,-2.68272],
[42.84319,-2.68275],
[42.84316,-2.68275],
[42.84313,-2.68276],
[42.84294,-2.68281],
[42.84289,-2.68281],
[42.84282,-2.68285],
[42.84282,-2.68285],
[42.84259,-2.68308],
[42.84259,-2.68308],
[42.84254,-2.68311],
[42.84248,-2.68316],
[42.84241,-2.68317],
[42.84237,-2.68317],
[42.84231,-2.68314],
[42.84225,-2.6831],
[42.84217,-2.68306],
[42.84212,-2.68308],
[42.84103,-2.68335],
[42.84079,-2.68341],
[42.84074,-2.68342],
[42.84069,-2.68342],
[42.84069,-2.68342],
[42.84068,-2.68345],
[42.84067,-2.68349],
[42.84065,-2.68352],
[42.84062,-2.68354],
[42.84059,-2.68355],
[42.84056,-2.68354],
[42.84054,-2.68353],
[42.84052,-2.68351],
[42.8405,-2.68349],
[42.84049,-2.68344],
[42.84049,-2.6834],
[42.8405,-2.68335],
[42.84053,-2.68331],
[42.84053,-2.68331],
[42.84054,-2.68321],
[42.84063,-2.68268],
[42.84065,-2.68262],
[42.84065,-2.68259],
[42.84068,-2.68244],
[42.84069,-2.68237],
[42.84069,-2.68237],
[42.84066,-2.68237],
[42.84034,-2.68226],
[42.84027,-2.68223],
[42.84017,-2.68213],
[42.83976,-2.68143],
[42.83974,-2.6814],
[42.83966,-2.6813],
[42.83964,-2.68127],
[42.8396,-2.68121],
[42.83958,-2.68114],
[42.83948,-2.68035],
[42.83944,-2.67997],
[42.83922,-2.67805],
[42.83921,-2.67795],
[42.83919,-2.67781],
[42.83917,-2.67757],
[42.83912,-2.67714],
[42.83911,-2.67706],
[42.83906,-2.67662],
[42.83905,-2.67652],
[42.83903,-2.67641],
[42.83889,-2.6752],
[42.83888,-2.67509],
[42.83887,-2.67503],
[42.83883,-2.6747],
[42.83881,-2.67453],
[42.83869,-2.67357],
[42.83868,-2.67347],
[42.83859,-2.67264],
[42.83853,-2.6722],
[42.83852,-2.67211],
[42.83857,-2.67209],
[42.8386,-2.67204],
[42.8386,-2.67198],
[42.83859,-2.67192],
[42.83856,-2.67189],
[42.83852,-2.67187],
[42.83852,-2.67177],
[42.83851,-2.67075],
[42.83851,-2.67065],
[42.83851,-2.67065],
[42.83857,-2.67065],
[42.83858,-2.67065],
[42.8386,-2.67064],
[42.83884,-2.67058],
[42.83884,-2.67058],
[42.83884,-2.67052],
[42.83884,-2.67015],
[42.83881,-2.67008],
[42.83882,-2.6698],
[42.83885,-2.66974],
[42.83885,-2.6695],
[42.83886,-2.66948],
[42.83892,-2.6694],
[42.83892,-2.66919],
[42.83886,-2.66912],
[42.83886,-2.66889],
[42.83891,-2.66879],
[42.8389,-2.66869],
[42.8389,-2.66864],
[42.83889,-2.66859],
[42.83889,-2.66859],
[42.83861,-2.66865],
[42.83854,-2.66866],
[42.83849,-2.66867],
[42.83848,-2.66868],
[42.8384,-2.66869],
[42.83818,-2.66874],
[42.83818,-2.66874],
[42.83818,-2.66874],
[42.8384,-2.66869],
[42.83848,-2.66868],
[42.83848,-2.66868],
[42.83848,-2.66866],
[42.83848,-2.66862],
[42.83849,-2.66851],
[42.8385,-2.6682],
[42.8385,-2.66814],
[42.83852,-2.66764],
[42.83853,-2.66728],
[42.83853,-2.66723],
[42.83854,-2.66717],
[42.83854,-2.66717],
[42.83862,-2.66721],
[42.8394,-2.66767],
[42.83942,-2.66768],
[42.83963,-2.66784],
[42.83978,-2.66797],
[42.83983,-2.66802],
[42.84002,-2.66831],
[42.84002,-2.66831],
[42.84007,-2.66833],
[42.84028,-2.66829],
[42.84039,-2.66827],
[42.84039,-2.66827],
[42.84041,-2.66839],
[42.84056,-2.66963],
[42.84056,-2.66981],
[42.84065,-2.67062],
[42.84075,-2.67143],
[42.84079,-2.6715],
[42.8408,-2.67165],
[42.84097,-2.67303],
[42.84102,-2.67341],
[42.84104,-2.67357],
[42.84104,-2.67357],
[42.84121,-2.67453],
[42.84122,-2.6746],
[42.84122,-2.6746],
[42.84125,-2.6746],
[42.84166,-2.67456],
[42.8417,-2.67455],
[42.84219,-2.67451],
[42.84239,-2.6745],
[42.84246,-2.67449],
[42.84255,-2.67449],
[42.84335,-2.67442],
[42.84343,-2.67442],
[42.84343,-2.67442],
[42.84343,-2.67444],
[42.84343,-2.67451],
[42.84353,-2.67531],
[42.84353,-2.67536],
[42.84352,-2.67541],
[42.84351,-2.67546],
[42.84348,-2.67552],
[42.84343,-2.6756],
[42.84336,-2.67572],
[42.84332,-2.67579],
[42.8433,-2.67583],
[42.84329,-2.67589],
[42.84327,-2.67597],
[42.84326,-2.67606],
[42.84326,-2.67606],
[42.84327,-2.67618],
[42.84329,-2.67628],
[42.84331,-2.67633],
[42.84332,-2.67636],
[42.84361,-2.67716],
[42.84361,-2.67716],
[42.84361,-2.67716],
[42.84395,-2.67811],
[42.84409,-2.67825],
[42.84412,-2.67829],
[42.84418,-2.67833],
[42.84418,-2.67833],
[42.84432,-2.67844],
[42.84436,-2.67846],
[42.84442,-2.67848],
[42.84445,-2.6785],
[42.84456,-2.67854],
[42.8447,-2.67859],
[42.84528,-2.67879],
[42.84569,-2.67893],
[42.8461,-2.67907],
[42.84614,-2.67908],
[42.8462,-2.6791],
[42.8463,-2.67914],
[42.8463,-2.67914],
[42.8463,-2.67908],
[42.84631,-2.67902],
[42.84632,-2.67899],
[42.84633,-2.67891],
[42.84633,-2.67889],
[42.84634,-2.67885],
[42.84634,-2.67883],
[42.84633,-2.67876],
[42.84632,-2.67867],
[42.84618,-2.67827],
[42.84614,-2.67817],
[42.84606,-2.67797],
[42.84597,-2.67769],
[42.84593,-2.67757],
[42.84589,-2.67741],
[42.84587,-2.67718],
[42.84585,-2.67698],
[42.84584,-2.67687],
[42.84582,-2.67675],
[42.8458,-2.67666],
[42.84577,-2.67658],
[42.84575,-2.67651],
[42.84574,-2.67646],
[42.84573,-2.67641],
[42.84572,-2.67637],
[42.84569,-2.67624],
[42.84569,-2.67624],
[42.84575,-2.6759],
[42.84587,-2.67521],
[42.84594,-2.67479],
[42.84597,-2.67464],
[42.84608,-2.6741],
[42.84609,-2.67404],
[42.84612,-2.67397],
[42.84616,-2.67392],
[42.84623,-2.67385],
[42.84627,-2.67382],
[42.84635,-2.67376],
[42.84649,-2.67362],
[42.84669,-2.67341],
[42.84695,-2.67316],
[42.84695,-2.67316],
[42.84699,-2.67309],
[42.84701,-2.67303],
[42.84701,-2.67298],
[42.847,-2.67287],
[42.8469,-2.67178],
[42.84688,-2.6716],
[42.84688,-2.6716],
[42.84662,-2.67162],
[42.84659,-2.67161],
[42.84657,-2.67157],
[42.84652,-2.67106],
[42.84652,-2.67102],
[42.8465,-2.67085],
[42.84633,-2.66957],
[42.84632,-2.66948],
[42.84631,-2.66946],
[42.8463,-2.66934],
[42.84625,-2.66893],
[42.84614,-2.66807],
[42.84613,-2.66796],
[42.84611,-2.66776],
[42.84591,-2.66616],
[42.84588,-2.66589],
[42.84583,-2.66556],
[42.84582,-2.66546],
[42.84582,-2.66541],
[42.84581,-2.66536],
[42.8458,-2.66529],
[42.84578,-2.66515],
[42.84567,-2.66427],
[42.84562,-2.66391],
[42.84557,-2.66348],
[42.84555,-2.66338],
[42.84554,-2.66321],
[42.84535,-2.66154],
[42.84535,-2.66154],
[42.84536,-2.66148],
[42.84539,-2.66143],
[42.8455,-2.66141],
[42.84595,-2.66141],
[42.84603,-2.66141],
[42.8461,-2.66141],
[42.84624,-2.66141],
[42.84661,-2.66141],
[42.84665,-2.66141],
[42.84711,-2.6614],
[42.84725,-2.66139],
[42.84758,-2.66139],
[42.84767,-2.6614],
[42.84777,-2.66141],
[42.84826,-2.6614],
[42.84839,-2.66139],
[42.84902,-2.66134],
[42.84917,-2.66132],
[42.84963,-2.66129],
[42.84972,-2.66128],
[42.84997,-2.66126],
[42.85036,-2.66123],
[42.85039,-2.66123],
[42.85043,-2.66122],
[42.85061,-2.6612],
[42.85092,-2.66115],
[42.85106,-2.66114],
[42.85115,-2.66114],
[42.85115,-2.66114],
[42.85118,-2.66111],
[42.85121,-2.66109],
[42.85124,-2.66109],
[42.85128,-2.66109],
[42.85131,-2.6611],
[42.85133,-2.66113],
[42.85133,-2.66113],
[42.8519,-2.66109],
[42.85202,-2.66108],
[42.85202,-2.66108],
[42.85203,-2.66104],
[42.85205,-2.66099],
[42.85208,-2.66096],
[42.85211,-2.66093],
[42.85215,-2.6609],
[42.85219,-2.66089],
[42.85223,-2.66089],
[42.85226,-2.6609],
[42.85229,-2.66092],
[42.85231,-2.66094],
[42.85235,-2.66099],
[42.85238,-2.66106],
[42.85239,-2.66113],
[42.85239,-2.66121],
[42.85239,-2.66121],
[42.85245,-2.66135],
[42.85295,-2.66253],
[42.85321,-2.66311],
[42.85321,-2.66311],

