42.85321,-2.66311
42.85333,-2.66335
42.8534,-2.66352
42.85382,-2.66447
42.85384,-2.66451
42.85389,-2.66463
42.85389,-2.66463
42.85392,-2.66463
42.85396,-2.66464
42.854,-2.66466
42.85404,-2.6647
42.85405,-2.66473
42.85405,-2.66478
42.85405,-2.66482
42.85405,-2.66486
42.85404,-2.6649
42.85402,-2.66495
42.85399,-2.665
42.85395,-2.66506
42.85393,-2.66508
42.85389,-2.6651
42.85386,-2.66509
42.85379,-2.66505
42.85376,-2.66502
42.85374,-2.66494
42.85373,-2.66487
42.85373,-2.66487
42.85371,-2.66482
42.85369,-2.66479
42.85365,-2.66472
42.85354,-2.66446
42.85338,-2.6641
42.85317,-2.66365
42.85312,-2.66355
42.85291,-2.66307
42.85276,-2.66273
42.8525,-2.66214
42.85223,-2.66154
42.85221,-2.66149
42.85217,-2.66141
42.85217,-2.66141
42.85212,-2.66139
42.85208,-2.66134
42.85208,-2.66134
42.85198,-2.66136
42.85193,-2.66136
42.85183,-2.66138
42.85154,-2.6614
42.85133,-2.66142
42.85133,-2.66142
42.85129,-2.66145
42.85124,-2.66146
42.85121,-2.66145
42.85118,-2.66143
42.85117,-2.66142
42.85115,-2.6614
42.85113,-2.66137
42.85112,-2.66133
42.85111,-2.66129
42.85111,-2.66124
42.85113,-2.66119
42.85115,-2.66114
42.85118,-2.66111
42.85118,-2.66111
42.8512,-2.66099
42.8512,-2.6608
42.8511,-2.66026
42.85109,-2.6602
42.85109,-2.6602
42.85106,-2.66017
42.851,-2.66014
42.85097,-2.66014
42.85074,-2.66013
42.85065,-2.66012
42.85005,-2.66008
42.8496,-2.66006
42.84948,-2.66005
42.84937,-2.66004
42.84903,-2.66003
42.84893,-2.66002
42.84836,-2.65999
42.8482,-2.65997
42.84808,-2.65996
42.84802,-2.65996
42.84799,-2.65998
42.84796,-2.66001
42.84794,-2.66003
42.84794,-2.66003
42.84797,-2.66006
42.84799,-2.66011
42.848,-2.66016
42.84799,-2.66021
42.84798,-2.66025
42.84796,-2.66029
42.84793,-2.66032
42.84789,-2.66035
42.84785,-2.66035
42.84785,-2.66035
42.84782,-2.66036
42.84778,-2.6604
42.84777,-2.66045
42.84772,-2.66089
42.8477,-2.66108
42.84767,-2.6614
42.84765,-2.66156
42.84762,-2.66183
42.84757,-2.66221
42.84752,-2.66263
42.84741,-2.66345
42.8474,-2.66355
42.84725,-2.66472
42.84724,-2.66479
42.84723,-2.6649
42.84721,-2.66502
42.84713,-2.66564
42.84711,-2.66572
42.8471,-2.66583
42.84708,-2.66595
42.84704,-2.66631
42.84704,-2.66634
42.84703,-2.66638
42.84698,-2.66679
42.84691,-2.66744
42.84691,-2.66759
42.84691,-2.66766
42.84691,-2.66774
42.84691,-2.66774
42.84681,-2.66777
42.84624,-2.66793
42.84613,-2.66796
42.84604,-2.66798
42.84571,-2.66806
42.84566,-2.66807
42.84557,-2.66809
42.84545,-2.66812
42.84534,-2.66815
42.84505,-2.66822
42.845,-2.66824
42.84482,-2.66828
42.84469,-2.66832
42.84446,-2.66838
42.84433,-2.66841
42.84414,-2.66846
42.84407,-2.66847
42.84403,-2.66849
42.84378,-2.66854
42.84373,-2.66856
42.84373,-2.66856
42.84371,-2.66865
42.84335,-2.66986
42.84335,-2.66989
42.8433,-2.67006
42.84327,-2.67017
42.84311,-2.67071
42.8431,-2.67074
42.84297,-2.67125
42.84297,-2.67125
42.84308,-2.672
42.84309,-2.67206
42.84313,-2.67236
42.84315,-2.67252
42.8433,-2.67357
42.84341,-2.67431
42.84343,-2.67442
42.84343,-2.67444
42.84343,-2.67451
42.84353,-2.67531
42.84353,-2.67536
42.84352,-2.67541
42.84351,-2.67546
42.84348,-2.67552
42.84343,-2.6756
42.84336,-2.67572
42.84332,-2.67579
42.8433,-2.67583
42.84329,-2.67589
42.84327,-2.67597
42.84326,-2.67606
42.84326,-2.67606
42.84327,-2.67618
42.84329,-2.67628
42.84331,-2.67633
42.84332,-2.67636
42.84361,-2.67716
42.84361,-2.67716
42.84361,-2.67716
42.84332,-2.67636
42.84331,-2.67633
42.84329,-2.67628
42.84329,-2.67628
42.84315,-2.67627
42.84279,-2.67659
42.84279,-2.67659
42.8427,-2.67656
42.84267,-2.67644
42.84247,-2.67459
42.84246,-2.67449
42.84246,-2.67441
42.8424,-2.67385
42.84227,-2.67266
42.84226,-2.67258
42.84225,-2.67247
42.84202,-2.67044
42.84201,-2.67034
42.842,-2.67021
42.84182,-2.66866
42.84178,-2.66825
42.84177,-2.6682
42.84176,-2.66812
42.8417,-2.66766
42.8417,-2.66764
42.84165,-2.66721
42.84163,-2.66708
42.84163,-2.66708
42.84158,-2.66701
42.84157,-2.667
42.84153,-2.66696
42.8415,-2.66694
42.84146,-2.66692
42.84142,-2.66692
42.8414,-2.66692
42.84137,-2.66693
42.84085,-2.66704
42.84079,-2.66705
42.84055,-2.6671
42.8405,-2.66711
42.84041,-2.66714
42.84033,-2.66718
42.84029,-2.66722
42.84017,-2.66732
42.83996,-2.66764
42.83988,-2.66779
42.83984,-2.66785
42.83978,-2.66797
42.83978,-2.66797
42.83966,-2.66818
42.83958,-2.66834
42.83954,-2.66839
42.83951,-2.66842
42.83946,-2.66846
42.83941,-2.66847
42.83926,-2.6685
42.83916,-2.66853
42.83893,-2.66858
42.83889,-2.66859
42.83861,-2.66865
42.83854,-2.66866
42.83849,-2.66867
42.83848,-2.66868
42.8384,-2.66869
42.83818,-2.66874
42.83818,-2.66874
42.83818,-2.66874
42.83774,-2.66884
42.837,-2.66903
42.83685,-2.66907
42.83659,-2.66916
42.83644,-2.66922
42.83641,-2.66923
42.83628,-2.66929
42.83617,-2.66933
42.83615,-2.66934
42.83596,-2.66942
42.83565,-2.66954
42.83551,-2.66959
42.8353,-2.66967
42.83522,-2.66973
42.83519,-2.66978
42.83511,-2.6699
42.83511,-2.6699
42.83509,-2.66998
42.83509,-2.66998
42.8351,-2.67011
42.83517,-2.67072
42.83523,-2.67126
42.83529,-2.6718
42.83535,-2.67229
42.83536,-2.67233
42.83539,-2.67265
42.83542,-2.67292
42.83544,-2.67311
42.83547,-2.67339
42.8355,-2.6739
42.83552,-2.67445
42.83552,-2.67462
42.83551,-2.67498
42.83548,-2.67547
42.83546,-2.67578
42.83543,-2.67606
42.83539,-2.67645
42.83537,-2.67653
42.83533,-2.67672
42.83533,-2.67672
42.83531,-2.67682
42.83529,-2.67689
42.83526,-2.67695
42.83526,-2.67695
42.83514,-2.67708
42.83509,-2.67715
42.83506,-2.67721
42.83503,-2.67727
42.835,-2.67736
42.83498,-2.67746
42.83492,-2.6778
42.83485,-2.67815
42.83478,-2.67846
42.83448,-2.67967
42.8343,-2.68026
42.83421,-2.68051
42.83409,-2.68091
42.83401,-2.68113
42.83373,-2.68222
42.83353,-2.68325
42.83344,-2.68429
42.83342,-2.68511
42.83342,-2.68577
42.83347,-2.68639
42.83349,-2.68663
42.83351,-2.68686
42.83352,-2.68693
42.83352,-2.68693
42.83356,-2.68691
42.83361,-2.68688
42.83393,-2.68676
42.83417,-2.68672
42.83429,-2.68672
42.83436,-2.68672
42.83453,-2.68671
42.83464,-2.68669
42.83473,-2.68667
42.83503,-2.68655
42.83558,-2.68626
42.83559,-2.68625
42.83574,-2.68617
42.8358,-2.68614
42.8363,-2.68586
42.83639,-2.6858
42.83648,-2.68573
42.83657,-2.68567
42.83667,-2.68558
42.83676,-2.68549
42.83736,-2.68486
42.83739,-2.68483
42.83744,-2.68478
42.83755,-2.68467
42.83774,-2.68445
42.83778,-2.68437
42.83795,-2.68406
42.83803,-2.68399
42.83809,-2.68394
42.83825,-2.68386
42.83829,-2.68383
42.83841,-2.68373
42.83849,-2.68365
42.83859,-2.68357
42.83867,-2.68351
42.83876,-2.68346
42.83884,-2.68342
42.83892,-2.68335
42.83895,-2.68333
42.83898,-2.68332
42.83903,-2.6833
42.83907,-2.68329
42.83911,-2.68328
42.83913,-2.68328
42.83917,-2.68328
42.83922,-2.68329
42.83926,-2.68331
42.8393,-2.68332
42.83942,-2.68334
42.84035,-2.68338
42.84041,-2.68339
42.84044,-2.68339
42.84049,-2.6834
42.84049,-2.6834
42.8405,-2.68335
42.84053,-2.68331
42.84056,-2.68328
42.8406,-2.68328
42.84062,-2.68329
42.84064,-2.6833
42.84067,-2.68335
42.84069,-2.68342
42.84069,-2.68342
42.84074,-2.68342
42.84079,-2.68341
42.84103,-2.68335
42.84212,-2.68308
42.84217,-2.68306
42.84227,-2.68301
42.84233,-2.68299
42.84236,-2.68297
42.84238,-2.68296
42.84247,-2.68291
42.84247,-2.68291
42.84251,-2.6828
42.84261,-2.68256
42.84263,-2.68248
42.84267,-2.68243
42.84267,-2.68243
42.84273,-2.68238
42.84281,-2.68237
42.84288,-2.6824
42.84297,-2.68244
42.84301,-2.68246
42.8431,-2.68252
42.84314,-2.68255
42.84317,-2.68256
42.84326,-2.68258
42.84334,-2.68257
42.84334,-2.68257
42.84334,-2.68257
42.84399,-2.68244
42.8441,-2.68242
42.84413,-2.68241
42.84424,-2.68239
42.84439,-2.68237
42.84442,-2.68237
42.84555,-2.68212
42.8456,-2.68211
42.84568,-2.68209
42.8458,-2.68206
42.84583,-2.68205
42.84705,-2.68176
42.84709,-2.68175
42.84724,-2.68172
42.84742,-2.68167
42.84745,-2.68166
42.84779,-2.68158
42.84916,-2.68125
42.84935,-2.68118
42.84961,-2.68108
42.84972,-2.68103
42.84982,-2.68099
42.84994,-2.68094
42.84999,-2.68091
42.85008,-2.68089
42.85013,-2.68087
42.85016,-2.68087
42.85023,-2.68085
42.85045,-2.68081
42.8511,-2.68068
42.85115,-2.68067
42.85119,-2.68066
42.85132,-2.68063
42.85143,-2.68061
42.85147,-2.6806
42.85151,-2.68059
42.85211,-2.68047
42.85211,-2.68047
42.85211,-2.68047
42.85222,-2.68045
42.85227,-2.68044
42.8523,-2.68044
42.85262,-2.68037
42.85271,-2.68035
42.8528,-2.68033
42.85302,-2.68028
42.85365,-2.68014
42.85372,-2.68013
42.85379,-2.68012
42.85439,-2.67998
42.85455,-2.67996
42.8547,-2.67995
42.85475,-2.67995
42.85488,-2.67996
42.85495,-2.67996
42.85513,-2.67997
42.85518,-2.67997
42.85523,-2.67997
42.85526,-2.67997
42.85526,-2.67997
42.85543,-2.68
42.85556,-2.68004
42.85561,-2.68007
42.85565,-2.68009
42.85636,-2.68041
42.85654,-2.68049
42.85698,-2.6807
42.85702,-2.68072
42.85745,-2.68093
42.8575,-2.68095
42.85754,-2.68097
42.85759,-2.68099
42.85788,-2.68114
42.85844,-2.68139
42.85859,-2.68142
42.85862,-2.68142
42.85879,-2.68139
42.85879,-2.68139
42.85886,-2.68131
42.85893,-2.68125
42.85901,-2.6812
42.85909,-2.68118
42.85918,-2.68118
42.85926,-2.6812
42.85934,-2.68123
42.85942,-2.68129
42.85948,-2.68137
42.85954,-2.68147
42.85959,-2.68159
42.85959,-2.68159
42.85971,-2.6817
42.85974,-2.68173
42.85985,-2.68183
42.85989,-2.68185
42.85999,-2.68192
42.85999,-2.68192
42.86001,-2.68185
42.86003,-2.6818
42.86008,-2.68165
42.86012,-2.68153
42.86019,-2.6815
42.86022,-2.68152
42.86067,-2.68183
42.86067,-2.68183
42.86067,-2.68183
42.86113,-2.68215
42.86116,-2.68219
42.86117,-2.68225
42.86113,-2.68236
42.86109,-2.68251
42.86108,-2.68256
42.86105,-2.68264
42.86105,-2.68264
42.86165,-2.68305
42.86171,-2.68309
42.86179,-2.68315
42.86184,-2.68318
42.86234,-2.6835
42.86249,-2.6836
42.86266,-2.68371
42.86295,-2.68391
42.8631,-2.68401
42.8634,-2.68421
42.86349,-2.68427
42.86353,-2.6843
42.86356,-2.68432
42.86361,-2.68435
42.86376,-2.68446
42.86379,-2.68448
42.86387,-2.68455
42.86391,-2.68457
42.86397,-2.68461
42.86404,-2.68466
42.86416,-2.68474
42.86462,-2.68505
42.86475,-2.68513
42.86502,-2.68532
42.86526,-2.68548
42.86643,-2.68628
42.86667,-2.68644
42.86669,-2.68645
42.86681,-2.68654
42.86703,-2.68669
42.86707,-2.68671
42.86717,-2.68678
42.8672,-2.6868
42.86746,-2.68697
42.86786,-2.68725
42.86836,-2.68759
42.86841,-2.68763
42.86845,-2.68765
42.86865,-2.68779
42.86928,-2.68821
42.86987,-2.68861
42.86991,-2.68864
42.87001,-2.68871
42.87059,-2.68908
42.87059,-2.68908
42.87094,-2.68939
42.87126,-2.68968
42.87164,-2.69007
42.87197,-2.69037
42.87242,-2.69073
42.8727,-2.69091
42.8729,-2.69105
42.8732,-2.69124
42.87389,-2.69171
42.87475,-2.69223
42.87561,-2.69272
42.87661,-2.69324
42.87685,-2.69336
42.87712,-2.69349
42.87785,-2.69383
42.87886,-2.69425
42.87977,-2.6946
42.88113,-2.69506
42.88197,-2.6953
42.88339,-2.69566
42.88356,-2.6957
42.88441,-2.69597
42.88454,-2.69601
42.88552,-2.69634
42.88712,-2.69698
42.88809,-2.69746
42.88873,-2.69779
42.88939,-2.69815
42.8899,-2.69845
42.89057,-2.69887
42.89107,-2.69918
42.89173,-2.69964
42.89213,-2.69993
42.89284,-2.70049
42.89347,-2.70105
42.89568,-2.7032
42.89885,-2.70635
42.90055,-2.70802
42.9022,-2.70964
42.90844,-2.71576
42.91051,-2.7178
42.91222,-2.71947
42.91266,-2.7199
42.91304,-2.72026
42.91592,-2.72283
42.91766,-2.72437
42.91887,-2.72543
42.91955,-2.72603
42.92088,-2.72721
42.9221,-2.7283
42.92281,-2.72898
42.92336,-2.72954
42.92388,-2.73008
42.9247,-2.73098
42.92553,-2.73197
42.9267,-2.73342
42.92708,-2.73389
42.92764,-2.73458
42.92815,-2.73525
42.92834,-2.73551
42.92858,-2.73588
42.92878,-2.73621
42.92896,-2.73653
42.92917,-2.73694
42.92938,-2.7374
42.92959,-2.73789
42.92979,-2.73841
42.93021,-2.7396
42.93043,-2.7402
42.93063,-2.74073
42.93087,-2.74129
42.93112,-2.7418
42.93137,-2.74226
42.93162,-2.74266
42.93187,-2.74303
42.932,-2.74322
42.93244,-2.74378
42.93266,-2.74404
42.9329,-2.74431
42.93391,-2.7454
42.93512,-2.74671
42.93584,-2.74749
42.9361,-2.74778
42.93644,-2.74814
42.93701,-2.74882
42.93728,-2.74919
42.93758,-2.7496
42.93818,-2.75046
42.93869,-2.75121
42.93919,-2.75193
42.93953,-2.75245
42.93987,-2.75298
42.94004,-2.75328
42.94022,-2.75362
42.9404,-2.754
42.94059,-2.75443
42.94081,-2.75507
42.94089,-2.75531
42.94097,-2.75559
42.94106,-2.75593
42.94113,-2.75621
42.94124,-2.7567
42.94133,-2.75716
42.9414,-2.75762
42.94147,-2.75817
42.94151,-2.75862
42.94154,-2.75918
42.94156,-2.75964
42.94156,-2.76028
42.94154,-2.76075
42.9415,-2.7613
42.94146,-2.7618
42.94139,-2.76228
42.94133,-2.76269
42.94126,-2.76313
42.94115,-2.76369
42.94095,-2.76475
42.94081,-2.76558
42.94074,-2.76604
42.94069,-2.76646
42.94066,-2.76686
42.94063,-2.76735
42.94063,-2.76774
42.94062,-2.76815
42.94066,-2.76898
42.9407,-2.76941
42.94074,-2.76978
42.94084,-2.77045
42.94094,-2.77097
42.94103,-2.77136
42.94112,-2.77171
42.94124,-2.77211
42.94144,-2.77272
42.94164,-2.77323
42.94186,-2.77373
42.94214,-2.77432
42.94259,-2.77513
42.94305,-2.77592
42.94331,-2.77639
42.94367,-2.77705
42.94403,-2.77775
42.94425,-2.77821
42.94447,-2.77869
42.94469,-2.77922
42.94487,-2.77969
42.9451,-2.78034
42.94524,-2.78077
42.94543,-2.78141
42.94566,-2.78229
42.94582,-2.78301
42.94598,-2.78383
42.94612,-2.78476
42.94619,-2.78529
42.94628,-2.78607
42.94634,-2.7868
42.94645,-2.78781
42.94662,-2.78913
42.94676,-2.78986
42.94691,-2.79053
42.94705,-2.79102
42.94719,-2.79147
42.94741,-2.79207
42.9477,-2.7928
42.94801,-2.79345
42.94843,-2.79419
42.94899,-2.79505
42.94959,-2.79586
42.95018,-2.7966
42.95078,-2.7973
42.95143,-2.79806
42.95189,-2.79853
42.95238,-2.79905
42.95327,-2.79995
42.95383,-2.80057
42.95465,-2.80148
42.95516,-2.80207
42.95586,-2.80293
42.95671,-2.80406
42.95714,-2.80464
42.95728,-2.80484
42.95791,-2.80576
42.95848,-2.80666
42.95879,-2.80719
42.9591,-2.80776
42.95937,-2.80833
42.95968,-2.80907
42.95983,-2.80946
42.95995,-2.80982
42.96011,-2.81034
42.96027,-2.81091
42.9604,-2.81151
42.96052,-2.81213
42.96061,-2.81271
42.96069,-2.81352
42.96076,-2.81455
42.96084,-2.81607
42.96101,-2.81846
42.96125,-2.82084
42.96133,-2.82197
42.96138,-2.82283
42.9614,-2.82347
42.96141,-2.82406
42.9614,-2.82496
42.96137,-2.826
42.96134,-2.82643
42.96131,-2.82687
42.96119,-2.8282
42.96104,-2.82985
42.96089,-2.83177
42.96086,-2.83251
42.96084,-2.83325
42.96084,-2.83373
42.96085,-2.8347
42.96088,-2.83578
42.96094,-2.837
42.96103,-2.8383
42.96116,-2.8399
42.96133,-2.84151
42.96147,-2.84259
42.96161,-2.84364
42.96176,-2.8447
42.96195,-2.84584
42.96223,-2.8474
42.96253,-2.84888
42.96272,-2.84981
42.96288,-2.85071
42.96295,-2.85129
42.96303,-2.85226
42.96305,-2.85299
42.96305,-2.85376
42.96303,-2.85436
42.963,-2.85513
42.96297,-2.85594
42.96292,-2.85719
42.96291,-2.8575
42.96286,-2.85878
42.96282,-2.86016
42.96274,-2.86206
42.96274,-2.86237
42.96275,-2.8626
42.96277,-2.86283
42.96281,-2.86307
42.96284,-2.86325
42.96289,-2.86342
42.96297,-2.86368
42.96306,-2.8639
42.96316,-2.86412
42.96327,-2.86431
42.96351,-2.86469
42.96377,-2.86509
42.96395,-2.86541
42.96407,-2.86566
42.96419,-2.86594
42.96431,-2.86624
42.96439,-2.86644
42.96443,-2.86659
42.96446,-2.86671
42.96451,-2.86696
42.96453,-2.86705
42.96454,-2.86716
42.96459,-2.86747
42.96464,-2.86783
42.96464,-2.86783
42.96468,-2.86804
42.96468,-2.86804
42.96473,-2.86829
42.96482,-2.86863
42.9649,-2.86889
42.96497,-2.86908
42.96504,-2.86924
42.96512,-2.8694
42.96521,-2.86954
42.96532,-2.86969
42.96545,-2.86985
42.96589,-2.87034
42.96614,-2.87064
42.96625,-2.87082
42.96638,-2.87103
42.96655,-2.87136
42.96679,-2.87187
42.96705,-2.87244
42.96731,-2.87323
42.96751,-2.87387
42.96768,-2.87442
42.96785,-2.87483
42.96806,-2.87522
42.96829,-2.87563
42.96843,-2.87586
42.96858,-2.87607
42.96892,-2.8765
42.96892,-2.8765
42.96913,-2.87671
42.96932,-2.8769
42.96952,-2.87706
42.9699,-2.87735
42.97033,-2.87759
42.97072,-2.87776
42.97112,-2.87791
42.97146,-2.87798
42.97189,-2.87805
42.97231,-2.87806
42.9728,-2.87801
42.97321,-2.87792
42.97361,-2.87779
42.97407,-2.87759
42.97452,-2.87733
42.97493,-2.87703
42.9753,-2.8767
42.9761,-2.87587
42.97649,-2.87549
42.97691,-2.87513
42.97778,-2.87459
42.97918,-2.87381
42.97952,-2.87359
42.97984,-2.87333
42.98036,-2.87285
42.98078,-2.87242
42.98118,-2.87194
42.9817,-2.87133
42.98202,-2.87098
42.98236,-2.87067
42.98257,-2.87051
42.98278,-2.87036
42.98309,-2.87017
42.98346,-2.86997
42.98375,-2.86985
42.98416,-2.86972
42.98446,-2.86965
42.98494,-2.86958
42.98532,-2.86955
42.98578,-2.86955
42.98603,-2.86957
42.98629,-2.86961
42.98675,-2.86972
42.98719,-2.86987
42.98754,-2.87004
42.98791,-2.87025
42.98833,-2.87057
42.98865,-2.87084
42.98887,-2.87105
42.98915,-2.87136
42.98946,-2.87175
42.9901,-2.87262
42.99063,-2.87338
42.99104,-2.87395
42.99155,-2.8746
42.99204,-2.87516
42.99266,-2.87583
42.99347,-2.87657
42.99438,-2.87738
42.99469,-2.87768
42.99506,-2.87807
42.99537,-2.87842
42.99575,-2.87892
42.99598,-2.87925
42.99623,-2.87968
42.99645,-2.88008
42.99674,-2.88068
42.99692,-2.8811
42.99715,-2.88172
42.99776,-2.88338
42.99802,-2.88405
42.99821,-2.88452
42.99844,-2.88505
42.99868,-2.88554
42.99914,-2.88641
42.99969,-2.88739
43.00017,-2.88831
43.0005,-2.88896
43.00086,-2.88973
43.00138,-2.89096
43.00211,-2.89273
43.00231,-2.89319
43.00251,-2.89361
43.00279,-2.89415
43.00309,-2.89465
43.00344,-2.89514
43.00379,-2.89558
43.00418,-2.89597
43.00456,-2.89631
43.00497,-2.89662
43.00539,-2.89688
43.00628,-2.8974
43.00669,-2.89768
43.00712,-2.89803
43.00746,-2.89837
43.00776,-2.89872
43.00806,-2.89912
43.00839,-2.8996
43.00899,-2.90054
43.00923,-2.90086
43.00951,-2.90119
43.0097,-2.9014
43.00992,-2.90162
43.01033,-2.90195
43.01061,-2.90214
43.01097,-2.90235
43.01133,-2.90253
43.01205,-2.90284
43.01239,-2.90299
43.01266,-2.90313
43.01283,-2.90324
43.01314,-2.90345
43.01334,-2.90359
43.01358,-2.90379
43.01392,-2.90408
43.01423,-2.90438
43.01477,-2.90492
43.01538,-2.9056
43.01604,-2.90638
43.01761,-2.90845
43.01844,-2.9095
43.0189,-2.91003
43.0194,-2.91056
43.01987,-2.91103
43.02037,-2.91145
43.02076,-2.91172
43.02111,-2.91191
43.02138,-2.91204
43.02171,-2.91217
43.022,-2.91225
43.02245,-2.91234
43.02289,-2.91236
43.0233,-2.91236
43.02374,-2.91232
43.02428,-2.91224
43.02539,-2.91199
43.02639,-2.91176
43.02739,-2.9116
43.02828,-2.9116
43.02917,-2.9117
43.03003,-2.91193
43.03087,-2.91223
43.03182,-2.91271
43.03274,-2.91327
43.03368,-2.91399
43.03458,-2.9148
43.03561,-2.91598
43.03651,-2.91711
43.03696,-2.91767
43.03742,-2.91823
43.03783,-2.91869
43.03827,-2.91912
43.03867,-2.91949
43.03909,-2.9198
43.03978,-2.9202
43.04035,-2.92048
43.04089,-2.9207
43.04141,-2.92092
43.0419,-2.92115
43.04231,-2.92137
43.04287,-2.92173
43.04306,-2.92188
43.04352,-2.9222
43.04403,-2.92254
43.0445,-2.92279
43.04494,-2.923
43.04563,-2.92324
43.04595,-2.92332
43.04665,-2.92351
43.04711,-2.92365
43.04752,-2.92379
43.04789,-2.92393
43.04822,-2.92409
43.04863,-2.92431
43.04904,-2.92458
43.04949,-2.92491
43.04989,-2.92525
43.05028,-2.92563
43.05065,-2.92604
43.05105,-2.92653
43.05135,-2.92695
43.05151,-2.92719
43.05184,-2.92768
43.05235,-2.92851
43.05281,-2.92925
43.05329,-2.92996
43.05357,-2.93033
43.05388,-2.93071
43.05416,-2.93102
43.05442,-2.93126
43.05469,-2.9315
43.05516,-2.93183
43.05548,-2.93201
43.0558,-2.93216
43.0562,-2.93232
43.0566,-2.93242
43.05693,-2.93247
43.05723,-2.9325
43.05749,-2.93249
43.05772,-2.93248
43.05813,-2.93242
43.05851,-2.93232
43.05892,-2.93218
43.05926,-2.93202
43.06027,-2.9315
43.06073,-2.9313
43.06118,-2.93115
43.06165,-2.93107
43.06212,-2.93103
43.0627,-2.93103
43.06334,-2.93103
43.06368,-2.93101
43.06404,-2.93095
43.06441,-2.93087
43.06484,-2.93071
43.06524,-2.93052
43.0656,-2.9303
43.06599,-2.93002
43.06632,-2.92973
43.06664,-2.9294
43.06698,-2.92899
43.06722,-2.92865
43.06759,-2.92804
43.06833,-2.92677
43.06857,-2.9264
43.06881,-2.92604
43.06912,-2.92565
43.06934,-2.9254
43.06971,-2.92505
43.0701,-2.92473
43.07054,-2.92439
43.07107,-2.92401
43.07139,-2.92376
43.07169,-2.9235
43.07195,-2.92325
43.07221,-2.92296
43.07266,-2.92241
43.0731,-2.92183
43.07348,-2.92137
43.07378,-2.92107
43.0741,-2.92079
43.07448,-2.9205
43.07519,-2.91998
43.0756,-2.91965
43.07592,-2.91933
43.07622,-2.91901
43.07672,-2.91837
43.07725,-2.91768
43.07757,-2.91733
43.07785,-2.91706
43.07811,-2.91683
43.07848,-2.91656
43.07871,-2.91641
43.07895,-2.91628
43.07923,-2.91614
43.07988,-2.91588
43.08051,-2.91564
43.08084,-2.9155
43.08118,-2.91535
43.08251,-2.91472
43.08285,-2.91458
43.08314,-2.9145
43.08357,-2.91443
43.08389,-2.91438
43.08429,-2.91438
43.08469,-2.91441
43.08513,-2.91449
43.08552,-2.91462
43.08598,-2.91479
43.08629,-2.91495
43.08661,-2.91512
43.08766,-2.91578
43.08857,-2.91638
43.08923,-2.91677
43.08982,-2.9171
43.0902,-2.91731
43.0906,-2.91751
43.09092,-2.91765
43.09119,-2.91775
43.09138,-2.91782
43.09168,-2.91792
43.09232,-2.9181
43.09296,-2.91825
43.09353,-2.91836
43.09398,-2.91841
43.09461,-2.91846
43.09523,-2.91847
43.09571,-2.91845
43.0962,-2.91841
43.09661,-2.91835
43.09718,-2.91826
43.09779,-2.91812
43.09826,-2.91797
43.09872,-2.9178
43.09912,-2.91761
43.09957,-2.91738
43.09997,-2.91714
43.10076,-2.91663
43.10142,-2.91622
43.1018,-2.91601
43.10221,-2.91582
43.1026,-2.91567
43.10301,-2.91553
43.1034,-2.91543
43.10378,-2.91536
43.10414,-2.91531
43.1045,-2.91528
43.10512,-2.91526
43.10582,-2.91528
43.10654,-2.9153
43.10717,-2.91527
43.10764,-2.91521
43.10805,-2.91514
43.10848,-2.91504
43.10896,-2.9149
43.10979,-2.91465
43.11064,-2.91442
43.11163,-2.91424
43.11209,-2.9142
43.11255,-2.91418
43.11307,-2.91419
43.1134,-2.91422
43.1137,-2.91425
43.11419,-2.91433
43.11483,-2.91446
43.1153,-2.91459
43.11605,-2.91485
43.11736,-2.91535
43.11772,-2.91548
43.11814,-2.91559
43.11855,-2.91568
43.11893,-2.91574
43.11955,-2.91582
43.12007,-2.9159
43.12054,-2.91599
43.121,-2.91612
43.12141,-2.91625
43.12176,-2.91639
43.1221,-2.91654
43.12239,-2.9167
43.12275,-2.9169
43.1231,-2.91713
43.12349,-2.91741
43.12388,-2.91773
43.12422,-2.91803
43.12459,-2.91842
43.12488,-2.91873
43.12517,-2.91907
43.12555,-2.91957
43.12586,-2.92003
43.12665,-2.92126
43.12689,-2.92161
43.12715,-2.92199
43.12741,-2.92232
43.12767,-2.92264
43.12861,-2.92366
43.12913,-2.92423
43.12957,-2.92476
43.12979,-2.92506
43.13001,-2.92538
43.13025,-2.92576
43.13048,-2.92617
43.13075,-2.92667
43.13102,-2.92723
43.13159,-2.92849
43.13187,-2.92908
43.13202,-2.92938
43.13224,-2.92977
43.13243,-2.93008
43.13281,-2.93065
43.13304,-2.93098
43.13325,-2.93124
43.13365,-2.93171
43.13414,-2.93221
43.13464,-2.93265
43.13491,-2.93287
43.1352,-2.93308
43.13565,-2.93338
43.13614,-2.93366
43.13711,-2.9342
43.13752,-2.93441
43.13791,-2.93463
43.13814,-2.93472
43.13913,-2.93515
43.13921,-2.93518
43.13927,-2.93521
43.14011,-2.93563
43.14068,-2.93594
43.14201,-2.93651
43.14283,-2.93681
43.14367,-2.93709
43.1445,-2.93736
43.14587,-2.93779
43.14655,-2.93797
43.14728,-2.93815
43.14774,-2.93825
43.14823,-2.93832
43.14869,-2.93836
43.1492,-2.93836
43.14961,-2.93834
43.15011,-2.93827
43.15054,-2.93818
43.15092,-2.93807
43.15155,-2.93785
43.15176,-2.93776
43.15198,-2.93765
43.15243,-2.93741
43.15288,-2.93713
43.15318,-2.93692
43.15354,-2.93664
43.15374,-2.93647
43.15392,-2.9363
43.15419,-2.93604
43.15453,-2.93567
43.15469,-2.93546
43.15486,-2.93524
43.15504,-2.93498
43.15534,-2.93447
43.15559,-2.93405
43.15576,-2.93371
43.15589,-2.93341
43.15606,-2.93301
43.15623,-2.93258
43.15635,-2.93222
43.1566,-2.93145
43.15713,-2.92983
43.1573,-2.92936
43.15734,-2.92928
43.15763,-2.92861
43.15779,-2.92828
43.15799,-2.92793
43.15822,-2.92756
43.1586,-2.92697
43.15894,-2.92651
43.15919,-2.92619
43.15965,-2.92566
43.16006,-2.92522
43.16047,-2.92479
43.16087,-2.92433
43.16122,-2.92391
43.16152,-2.92353
43.16178,-2.92316
43.16202,-2.92278
43.16238,-2.92221
43.16292,-2.92136
43.16337,-2.92075
43.16371,-2.92034
43.16453,-2.91945
43.16594,-2.91842
43.16648,-2.91814
43.1671,-2.91789
43.16729,-2.91784
43.16831,-2.91757
43.16894,-2.91737
43.16946,-2.91715
43.17021,-2.91675
43.17086,-2.91629
43.17121,-2.916
43.17148,-2.91576
43.17184,-2.91538
43.17212,-2.91506
43.17257,-2.9145
43.17278,-2.91421
43.17297,-2.91391
43.17317,-2.91357
43.17335,-2.91323
43.17369,-2.91256
43.17384,-2.91222
43.17396,-2.91187
43.17416,-2.91134
43.17433,-2.91076
43.17445,-2.91032
43.1746,-2.90969
43.1747,-2.90915
43.17489,-2.90789
43.175,-2.90727
43.17512,-2.90667
43.17527,-2.90602
43.17542,-2.90545
43.1756,-2.90488
43.17611,-2.9036
43.17633,-2.90313
43.17668,-2.90247
43.17706,-2.90186
43.17738,-2.90142
43.17776,-2.90095
43.17823,-2.90043
43.17837,-2.90028
43.17875,-2.89991
43.17902,-2.89968
43.17916,-2.89957
43.17969,-2.89916
43.18012,-2.89883
43.18037,-2.89864
43.18084,-2.89825
43.1812,-2.89792
43.1813,-2.89783
43.18167,-2.89745
43.18185,-2.89725
43.18197,-2.89712
43.1822,-2.89688
43.18245,-2.8966
43.18267,-2.89636
43.18305,-2.89598
43.18328,-2.89579
43.18364,-2.89552
43.18375,-2.89544
43.1844,-2.89508
43.18507,-2.89478
43.18582,-2.89456
43.18652,-2.89445
43.18703,-2.89442
43.18758,-2.89443
43.18799,-2.89448
43.18835,-2.89457
43.18865,-2.89466
43.18865,-2.89466
43.18911,-2.89485
43.18932,-2.89493
43.1908,-2.89573
43.19167,-2.89611
43.19253,-2.89638
43.19354,-2.89667
43.19421,-2.89681
43.1945,-2.89688
43.19528,-2.89691
43.19597,-2.89683
43.19622,-2.89678
43.19639,-2.89674
43.19657,-2.89669
43.19681,-2.89662
43.19702,-2.89654
43.1972,-2.89647
43.19739,-2.89639
43.19756,-2.8963
43.198,-2.89606
43.19824,-2.89591
43.1985,-2.89572
43.19867,-2.8956
43.19918,-2.8952
43.19967,-2.89473
43.20007,-2.89435
43.20082,-2.89371
43.20144,-2.89332
43.20195,-2.89303
43.20213,-2.89295
43.20256,-2.89274
43.20268,-2.8927
43.20281,-2.89267
43.20326,-2.89256
43.20359,-2.89251
43.20389,-2.89248
43.20422,-2.89246
43.20457,-2.89248
43.20467,-2.89249
43.20485,-2.8925
43.20503,-2.89253
43.2052,-2.89256
43.20536,-2.89259
43.20551,-2.89262
43.20564,-2.89265
43.20588,-2.89272
43.2061,-2.89279
43.20642,-2.89292
43.20672,-2.89306
43.20696,-2.89318
43.20731,-2.89338
43.20746,-2.89348
43.20782,-2.89372
43.20797,-2.89383
43.20823,-2.89401
43.20843,-2.89414
43.2088,-2.89437
43.20897,-2.89447
43.20911,-2.89454
43.20949,-2.8947
43.20979,-2.89481
43.21009,-2.89489
43.21016,-2.89491
43.21039,-2.89495
43.21082,-2.89501
43.21117,-2.89505
43.21157,-2.89509
43.21185,-2.89512
43.21206,-2.89517
43.21226,-2.89521
43.21243,-2.89526
43.21263,-2.89533
43.21282,-2.89539
43.2131,-2.89552
43.21331,-2.89563
43.21354,-2.89576
43.21368,-2.89585
43.21397,-2.89606
43.21417,-2.89623
43.21438,-2.89642
43.21458,-2.89661
43.21478,-2.89683
43.2149,-2.89696
43.21502,-2.89712
43.21523,-2.89744
43.21539,-2.89768
43.21556,-2.89796
43.21575,-2.89831
43.21584,-2.89849
43.21591,-2.89864
43.216,-2.89884
43.21606,-2.89901
43.21612,-2.89915
43.21622,-2.89945
43.2163,-2.89967
43.21636,-2.89988
43.21642,-2.90011
43.21647,-2.90028
43.21651,-2.90046
43.21656,-2.9007
43.21659,-2.90087
43.21662,-2.90104
43.21668,-2.90138
43.21674,-2.90174
43.21687,-2.90259
43.21693,-2.90298
43.217,-2.90339
43.21704,-2.90363
43.21707,-2.9038
43.21714,-2.90417
43.21719,-2.9044
43.21724,-2.90459
43.21733,-2.90495
43.21738,-2.90516
43.21752,-2.90563
43.21763,-2.90595
43.21775,-2.90629
43.21783,-2.90651
43.21795,-2.90682
43.21811,-2.90719
43.21819,-2.90737
43.21828,-2.90756
43.21843,-2.90786
43.21854,-2.90806
43.2187,-2.90836
43.2189,-2.9087
43.21904,-2.90893
43.21917,-2.90913
43.21949,-2.90961
43.21971,-2.90993
43.22005,-2.91043
43.22021,-2.91065
43.22034,-2.91083
43.22047,-2.91102
43.2207,-2.91129
43.22157,-2.91239
43.22199,-2.91289
43.22246,-2.91341
43.2227,-2.91367
43.22295,-2.91393
43.2232,-2.91418
43.22344,-2.9144
43.22367,-2.91458
43.22385,-2.91471
43.224,-2.91482
43.22428,-2.915
43.22457,-2.91515
43.2248,-2.91525
43.22504,-2.91534
43.22511,-2.91536
43.22539,-2.91544
43.22576,-2.91551
43.22601,-2.91554
43.22616,-2.91555
43.22632,-2.91555
43.22647,-2.91555
43.2266,-2.91553
43.22709,-2.91548
43.22726,-2.91544
43.22759,-2.91535
43.22799,-2.91519
43.22828,-2.91506
43.22885,-2.91478
43.22915,-2.91464
43.22953,-2.9145
43.22973,-2.91443
43.22994,-2.91438
43.2302,-2.91434
43.23035,-2.91432
43.23052,-2.91431
43.23073,-2.91431
43.23096,-2.91433
43.23109,-2.91435
43.2314,-2.9144
43.23157,-2.91444
43.2318,-2.91452
43.23193,-2.91457
43.23215,-2.91467
43.23249,-2.91485
43.23283,-2.91508
43.23303,-2.91523
43.23338,-2.91552
43.23386,-2.916
43.23414,-2.9163
43.23442,-2.91663
43.23472,-2.91708
43.23499,-2.91755
43.23523,-2.91802
43.2355,-2.91841
43.2355,-2.91841
43.23565,-2.91866
43.23572,-2.91877
43.23592,-2.91903
43.23629,-2.9194
43.23698,-2.91996
43.23735,-2.92031
43.23773,-2.92074
43.23788,-2.92097
43.238,-2.92123
43.2381,-2.92146
43.23818,-2.92168
43.23827,-2.922
43.23833,-2.9223
43.23838,-2.92267
43.23844,-2.92343
43.23846,-2.92371
43.23848,-2.92387
43.23856,-2.92428
43.23864,-2.92462
43.23878,-2.92498
43.23895,-2.92533
43.23915,-2.92563
43.23933,-2.92585
43.23955,-2.92608
43.24005,-2.9265
43.24036,-2.92673
43.24066,-2.92689
43.24081,-2.92702
43.24143,-2.92731
43.24167,-2.92743
43.24188,-2.92755
43.24209,-2.9277
43.2422,-2.9278
43.24241,-2.928
43.24262,-2.92824
43.24283,-2.92851
43.24294,-2.92867
43.24306,-2.9289
43.24319,-2.92916
43.24336,-2.92954
43.2436,-2.93007
43.24376,-2.93038
43.24393,-2.93064
43.24409,-2.93082
43.2442,-2.93094
43.24462,-2.93126
43.24474,-2.93135
43.24532,-2.93174
43.24576,-2.93207
43.24624,-2.93253
43.24654,-2.93289
43.24681,-2.93326
43.24706,-2.93367
43.24724,-2.93399
43.24741,-2.93434
43.2477,-2.93511
43.24787,-2.93576
43.24795,-2.93622
43.24798,-2.93664
43.24798,-2.93699
43.24796,-2.93732
43.24788,-2.93784
43.24774,-2.93849
43.24765,-2.93896
43.24759,-2.93938
43.24759,-2.93977
43.2476,-2.9401
43.24768,-2.94059
43.24775,-2.94087
43.24783,-2.94111
43.2479,-2.9413
43.248,-2.94152
43.2481,-2.94168
43.24822,-2.94184
43.24849,-2.94216
43.24884,-2.94247
43.2493,-2.94285
43.24939,-2.94293
43.24961,-2.94315
43.24981,-2.94337
43.25032,-2.94401
43.2505,-2.9442
43.25065,-2.94436
43.25082,-2.94451
43.25099,-2.94464
43.25125,-2.94485
43.2515,-2.94507
43.2517,-2.94528
43.25185,-2.94545
43.25198,-2.94562
43.2521,-2.94582
43.25222,-2.94606
43.25237,-2.94641
43.25257,-2.94689
43.25268,-2.94715
43.25278,-2.94739
43.25292,-2.94763
43.25303,-2.94781
43.25315,-2.94796
43.25327,-2.9481
43.2535,-2.94831
43.25373,-2.94849
43.2539,-2.9486
43.2541,-2.94871
43.25457,-2.94894
43.25474,-2.94904
43.25505,-2.94926
43.25517,-2.94936
43.25529,-2.94947
43.25546,-2.94969
43.2556,-2.94992
43.25571,-2.95011
43.25579,-2.95027
43.25588,-2.95051
43.25596,-2.95077
43.25607,-2.95113
43.25614,-2.95137
43.25621,-2.95159
43.25631,-2.95186
43.25643,-2.95211
43.2565,-2.95224
43.25656,-2.95234
43.25668,-2.95251
43.2568,-2.95265
43.25691,-2.95276
43.25704,-2.95287
43.2572,-2.95299
43.25773,-2.95327
43.25792,-2.95336
43.25811,-2.95347
43.2583,-2.9536
43.25849,-2.95374
43.2587,-2.95395
43.25885,-2.95412
43.25898,-2.95431
43.25912,-2.95451
43.25922,-2.95469
43.25933,-2.9549
43.25944,-2.95516
43.25952,-2.95539
43.25962,-2.95573
43.25984,-2.95655
43.26008,-2.95728
43.26021,-2.9576
43.26041,-2.95797
43.26062,-2.95828
43.26075,-2.95846
43.26098,-2.95871
43.2612,-2.9589
43.26141,-2.95905
43.26168,-2.95922
43.26197,-2.95942
43.26212,-2.95949
43.26256,-2.95982
43.26286,-2.96005
43.26328,-2.96041
43.26361,-2.96076
43.26379,-2.96096
43.26393,-2.96111
43.26424,-2.96148
43.26472,-2.96206
43.26517,-2.96252
43.26556,-2.96289
43.26581,-2.96309
43.26612,-2.96334
43.26684,-2.96378
43.26745,-2.96417
43.26763,-2.96429
43.26813,-2.96467
43.26813,-2.96467
43.2686,-2.96507
43.26907,-2.96552
43.26955,-2.96593
43.26984,-2.96617
43.27007,-2.96636
43.27031,-2.96653
43.27097,-2.967
43.27181,-2.96751
43.27208,-2.96767
43.27249,-2.96796
43.27284,-2.96824
43.27326,-2.96863
43.2735,-2.96887
43.27382,-2.96925
43.27406,-2.9696
43.27418,-2.96984
43.27428,-2.97008
43.27437,-2.97033
43.27444,-2.97059
43.2745,-2.97094
43.27454,-2.97127
43.27454,-2.9718
43.27451,-2.97213
43.27446,-2.97256
43.27437,-2.97332
43.27433,-2.97372
43.27431,-2.9741
43.27429,-2.97464
43.27429,-2.97522
43.27431,-2.97568
43.27436,-2.9762
43.27442,-2.97668
43.27448,-2.97707
43.27455,-2.97737
43.27464,-2.97769
43.27476,-2.97798
43.27487,-2.97823
43.27503,-2.9785
43.27518,-2.97869
43.2754,-2.97892
43.27558,-2.97908
43.27579,-2.97922
43.27609,-2.97938
43.27645,-2.97955
43.27666,-2.97966
43.27678,-2.97973
43.27696,-2.97984
43.27717,-2.97998
43.27736,-2.98014
43.2775,-2.98027
43.27768,-2.98046
43.27781,-2.98061
43.27792,-2.98075
43.27802,-2.98088
43.27809,-2.98098
43.27827,-2.98126
43.27836,-2.98144
43.27856,-2.98181
43.27885,-2.98239
43.27907,-2.98282
43.27923,-2.9831
43.27936,-2.98333
43.27959,-2.98367
43.27966,-2.98377
43.2797,-2.98382
43.27988,-2.98405
43.28005,-2.98425
43.28023,-2.98445
43.28037,-2.98459
43.28051,-2.98472
43.28067,-2.98487
43.28097,-2.9851
43.2812,-2.98526
43.28137,-2.98537
43.28156,-2.98548
43.28175,-2.98558
43.28175,-2.98558
43.28223,-2.98575
43.28228,-2.98576
43.28275,-2.98592
43.28299,-2.98599
43.28321,-2.98606
43.2834,-2.98612
43.28361,-2.9862
43.28383,-2.98628
43.28405,-2.98636
43.28419,-2.98641
43.28434,-2.98645
43.28453,-2.98649
43.28466,-2.9865
43.28481,-2.98651
43.28507,-2.98649
43.28521,-2.98647
43.28539,-2.98644
43.2857,-2.98638
43.28584,-2.98635
43.28613,-2.98627
43.28625,-2.98624
43.28679,-2.98608
43.28702,-2.98601
43.28762,-2.98587
43.28787,-2.98581
43.28806,-2.98576
43.28856,-2.98563
43.28936,-2.98552
43.28965,-2.9855
43.28991,-2.98546
43.29019,-2.98542
43.29042,-2.98536
43.29065,-2.98529
43.29093,-2.98518
43.29107,-2.98511
43.29127,-2.985
43.29142,-2.98491
43.29156,-2.98481
43.29166,-2.98474
43.29177,-2.98466
43.29189,-2.98455
43.29203,-2.98442
43.29214,-2.98431
43.29221,-2.98423
43.29241,-2.98399
43.29253,-2.98381
43.29262,-2.98368
43.29269,-2.98357
43.29279,-2.98339
43.29287,-2.98325
43.29306,-2.98285
43.29325,-2.98242
43.29334,-2.98223
43.29346,-2.98199
43.29364,-2.98161
43.29371,-2.98146
43.2938,-2.98121
43.29389,-2.98096
43.29399,-2.98065
43.29407,-2.98036
43.29419,-2.97996
43.29424,-2.97977
43.29429,-2.97955
43.29429,-2.97955
43.29437,-2.97923
43.29442,-2.97895
43.29452,-2.9784
43.29466,-2.97765
43.29475,-2.97714
43.29482,-2.97673
43.29493,-2.97613
43.2951,-2.97517
43.29525,-2.97434
43.29533,-2.97389
43.29539,-2.97355
43.29546,-2.97313
43.29552,-2.97279
43.29564,-2.97211
43.29575,-2.97153
43.29584,-2.97099
43.29601,-2.97008
43.29606,-2.96983
43.29611,-2.96963
43.29625,-2.96919
43.29635,-2.96888
43.29648,-2.96853
43.29663,-2.9682
43.29687,-2.96772
43.29717,-2.96726
43.29742,-2.96692
43.29761,-2.96671
43.29786,-2.96646
43.29805,-2.96629
43.29839,-2.96602
43.29856,-2.9659
43.29868,-2.96583
43.29907,-2.9656
43.29941,-2.96541
43.29967,-2.96526
43.29982,-2.96516
43.29982,-2.96516
43.30012,-2.96496
43.30036,-2.96475
43.30068,-2.96442
43.30107,-2.96391
43.30137,-2.96351
43.30166,-2.96314
43.30182,-2.96295
43.302,-2.96273
43.30227,-2.96244
43.30259,-2.96213
43.30283,-2.96193
43.30333,-2.96156
43.30361,-2.96138
43.30377,-2.96128
43.30398,-2.96116
43.30428,-2.961
43.30438,-2.96097
43.3045,-2.96093
43.30466,-2.9609
43.30486,-2.96088
43.30511,-2.96088
43.30533,-2.96089
43.30549,-2.96092
43.30558,-2.96094
43.30581,-2.96101
43.30601,-2.9611
43.30621,-2.9612
43.30639,-2.96131
43.30656,-2.96143
43.30674,-2.96156
43.30697,-2.96172
43.30713,-2.96181
43.30728,-2.96189
43.3074,-2.96194
43.30754,-2.962
43.30774,-2.96205
43.30784,-2.96207
43.30793,-2.96208
43.30793,-2.96208
43.30816,-2.96205
43.3085,-2.96197
43.30885,-2.96187
43.30908,-2.96181
43.30924,-2.9618
43.30939,-2.96181
43.30949,-2.96182
43.30949,-2.96182
43.30982,-2.96193
43.3101,-2.96211
43.31024,-2.96223
43.31048,-2.96247
43.31075,-2.96278
43.31123,-2.96332
43.31217,-2.96434
43.31289,-2.96511
43.31354,-2.9658
43.31379,-2.96607
43.31394,-2.96623
43.31394,-2.96623
43.31435,-2.96661
43.31444,-2.96668
43.31444,-2.96668
43.31486,-2.96706
43.31517,-2.96729
43.31537,-2.9674
43.31537,-2.9674
43.3156,-2.96748
43.31589,-2.96761
43.31605,-2.96765
43.31619,-2.96767
43.31665,-2.96767
43.31675,-2.96767
43.31691,-2.9677
43.31701,-2.96775
43.31711,-2.96781
43.31711,-2.96781
43.31715,-2.96784
43.31724,-2.9679
43.31743,-2.96816
43.31757,-2.96836
43.31794,-2.96904
43.31801,-2.96916
43.31804,-2.96922
43.31807,-2.96927
43.31842,-2.96988
43.31854,-2.97006
43.31862,-2.97018
43.3188,-2.97038
43.319,-2.97055
43.31917,-2.97067
43.3193,-2.97073
43.31951,-2.9708
43.31962,-2.97082
43.31976,-2.97083
43.31998,-2.97084
43.32014,-2.97081
43.32033,-2.97076
43.32047,-2.97069
43.32062,-2.9706
43.32078,-2.97049
43.3209,-2.97037
43.32106,-2.97019
43.3212,-2.96998
43.32131,-2.96977
43.32147,-2.96942
43.32169,-2.96882
43.32181,-2.96851
43.32193,-2.96824
43.32207,-2.96802
43.32226,-2.96779
43.32245,-2.9676
43.32266,-2.96745
43.32287,-2.96736
43.32305,-2.9673
43.32325,-2.96726
43.32348,-2.96726
43.32363,-2.96729
43.32381,-2.96734
43.32401,-2.96744
43.32418,-2.96754
43.32432,-2.96764
43.32436,-2.96767
43.32451,-2.96778
43.32459,-2.96784
43.32471,-2.96791
43.32496,-2.96807
43.32524,-2.96817
43.32534,-2.96819
43.32548,-2.96821
43.32565,-2.9682
43.32576,-2.9682
43.3259,-2.96816
43.32605,-2.96812
43.32629,-2.96799
43.32648,-2.96784
43.32664,-2.96767
43.32685,-2.9674
43.32701,-2.96712
43.32707,-2.96695
43.32714,-2.96676
43.32735,-2.96596
43.32757,-2.96512
43.32786,-2.96399
43.32795,-2.96373
43.32804,-2.96352
43.32816,-2.96335
43.32834,-2.96317
43.32846,-2.96307
43.32865,-2.96297
43.32888,-2.96288
43.32906,-2.96281
43.32927,-2.96268
43.32927,-2.96268
43.32928,-2.96264
43.3293,-2.96261
43.32931,-2.96258
43.32934,-2.96256
43.32936,-2.96255
43.32941,-2.96254
43.32945,-2.96255
43.32949,-2.96257
43.32949,-2.96257
43.32957,-2.96257
43.3297,-2.96258
43.3298,-2.96256
43.32984,-2.96255
43.3299,-2.96254
43.33003,-2.96249
43.33018,-2.96243
43.3303,-2.96236
43.33037,-2.96235
43.33037,-2.96235
43.33038,-2.96231
43.3304,-2.96228
43.33045,-2.96223
43.33051,-2.96221
43.33056,-2.96221
43.3306,-2.96223
43.33063,-2.96226
43.33066,-2.9623
43.33068,-2.96234
43.33069,-2.96239
43.33069,-2.96244
43.33069,-2.96244
43.3309,-2.96268
43.33125,-2.96296
43.33142,-2.9631
43.33173,-2.96334
43.33257,-2.964
43.33301,-2.96433
43.33331,-2.96457
43.33356,-2.96482
43.3338,-2.96514
43.334,-2.96546
43.33415,-2.96578
43.33425,-2.96604
43.33437,-2.96645
43.33443,-2.96685
43.33447,-2.96719
43.33448,-2.96771
43.33449,-2.9686
43.33452,-2.96936
43.33457,-2.96983
43.33463,-2.97022
43.33474,-2.97077
43.33487,-2.9712
43.33504,-2.9716
43.33511,-2.9717
43.33511,-2.9717
43.33517,-2.97172
43.33523,-2.97176
43.33527,-2.97183
43.33529,-2.9719
43.3353,-2.97199
43.33529,-2.97207
43.33526,-2.97214
43.33521,-2.9722
43.33516,-2.97224
43.3351,-2.97225
43.3351,-2.97225
43.33493,-2.97242
43.33479,-2.97257
43.33458,-2.97282
43.3344,-2.97299
43.33405,-2.97321
43.33377,-2.97339
43.33377,-2.97339
43.33377,-2.97347
43.33376,-2.97355
43.33373,-2.97361
43.33369,-2.97366
43.33364,-2.97369
43.33359,-2.97369
43.33354,-2.97367
43.3335,-2.97363
43.33345,-2.97355
43.33345,-2.9735
43.33345,-2.97342
43.33347,-2.97335
43.33351,-2.97329
43.33356,-2.97326
43.33356,-2.97326
43.33355,-2.97316
43.33327,-2.97189
43.33325,-2.97183
43.33324,-2.97162
43.33324,-2.97162
43.3332,-2.97161
43.33318,-2.97159
43.33316,-2.97157
43.33314,-2.97154
43.33312,-2.97149
43.33307,-2.9715
43.33291,-2.97156
43.33273,-2.97164
43.33263,-2.97161
43.33263,-2.97161
43.33255,-2.97166
43.33244,-2.97172
43.33177,-2.97203
43.33161,-2.97207
43.33153,-2.97204
43.33146,-2.97195
43.33126,-2.97117
43.33115,-2.97072
43.33108,-2.97075
43.33057,-2.97098
43.3305,-2.97097
43.33045,-2.97091
43.33045,-2.97091
43.33041,-2.97078
43.33027,-2.97022
43.33026,-2.97018
43.33013,-2.96959
43.33013,-2.96959
43.26372,-2.95272
43.26368,-2.95245
43.2636,-2.9522
43.26277,-2.95049
43.26273,-2.95041
43.26271,-2.95037
43.26265,-2.95026
43.26259,-2.95013
43.26254,-2.95002
43.26243,-2.94984
43.26239,-2.94978
43.26239,-2.94978
43.26231,-2.94966
43.26171,-2.94876
43.26154,-2.9485
43.26145,-2.94835
43.26094,-2.94758
43.2609,-2.94752
43.26082,-2.9474
43.26077,-2.94732
43.26072,-2.94723
43.26071,-2.94716
43.26069,-2.94709
43.26069,-2.94709
43.26071,-2.94704
43.26074,-2.94697
43.26077,-2.94692
43.26082,-2.94686
43.26088,-2.94684
43.261,-2.94684
43.26114,-2.94683
43.26123,-2.9468
43.26205,-2.94646
43.26218,-2.94641
43.26236,-2.94634
43.26247,-2.94629
43.26259,-2.94624
43.26309,-2.94604
43.2633,-2.94595
43.26373,-2.94578
43.26381,-2.94574
43.26413,-2.94561
43.26479,-2.94535
43.26488,-2.94531
43.26495,-2.94525
43.26503,-2.94516
43.26503,-2.94516
43.26504,-2.9451
43.26505,-2.94507
43.26506,-2.94505
43.26509,-2.94498
43.26514,-2.94494
43.26519,-2.94491
43.26525,-2.9449
43.26531,-2.94491
43.26537,-2.94495
43.26537,-2.94495
43.2654,-2.94493
43.26556,-2.94492
43.26583,-2.94494
43.26583,-2.94494
43.26591,-2.94486
43.26595,-2.94481
43.26601,-2.94469
43.26606,-2.94456
43.26614,-2.94417
43.26623,-2.94368
43.26629,-2.94345
43.26639,-2.94323
43.26652,-2.94303
43.26661,-2.94294
43.26682,-2.94276
43.26709,-2.94256
43.26719,-2.94248
43.26727,-2.94242
43.26737,-2.94234
43.26757,-2.94217
43.26766,-2.94207
43.26773,-2.94198
43.26773,-2.94198
43.26769,-2.9418
43.26763,-2.94152
43.2676,-2.94137
43.26745,-2.9407
43.26729,-2.94
43.26714,-2.93936
43.26709,-2.93914
43.26706,-2.93891
43.26706,-2.93891
43.26695,-2.93871
43.26689,-2.93856
43.26689,-2.93856
43.26682,-2.93858
43.26676,-2.93858
43.26668,-2.93855
43.26661,-2.93851
43.26651,-2.93839
43.26644,-2.93828
43.26641,-2.93819
43.2664,-2.93812
43.26639,-2.93803
43.26639,-2.93794
43.26642,-2.93783
43.26646,-2.93773
43.26651,-2.93765
43.26658,-2.93757
43.26667,-2.9375
43.26675,-2.93747
43.26688,-2.93742
43.26698,-2.93739
43.267,-2.93738
43.26708,-2.93738
43.26715,-2.9374
43.26724,-2.93747
43.26731,-2.93755
43.26738,-2.93765
43.26741,-2.93776
43.26742,-2.93783
43.26743,-2.9379
43.26743,-2.93796
43.26742,-2.93808
43.2674,-2.93816
43.26733,-2.93828
43.26722,-2.93839
43.26707,-2.9385
43.26707,-2.9385
43.26705,-2.93866
43.26705,-2.93874
43.26706,-2.9388
43.2671,-2.93889
43.26716,-2.939
43.26727,-2.93917
43.26747,-2.93939
43.26761,-2.93953
43.26765,-2.93956
43.26768,-2.93959
43.26768,-2.93959
43.26785,-2.93971
43.26805,-2.93983
43.26832,-2.93998
43.27002,-2.94091
43.27073,-2.9413
43.27088,-2.94137
43.27101,-2.94138
43.27116,-2.9414
43.27124,-2.94141
43.27124,-2.94141
43.27126,-2.94139
43.27129,-2.94137
43.27135,-2.94136
43.27141,-2.94138
43.27146,-2.94142
43.2715,-2.94149
43.27152,-2.94156
43.27152,-2.94163
43.27151,-2.9417
43.27148,-2.94177
43.27144,-2.94182
43.2714,-2.94185
43.27136,-2.94187
43.27131,-2.94186
43.27126,-2.94184
43.27122,-2.94181
43.27119,-2.94175
43.27119,-2.94175
43.27108,-2.94173
43.27102,-2.94174
43.27098,-2.94177
43.27098,-2.94177
43.27098,-2.94177
43.27086,-2.94189
43.27073,-2.94204
43.27058,-2.94213
43.27044,-2.94218
43.27027,-2.94221
43.27016,-2.94221
43.27016,-2.94221
43.27016,-2.94243
43.27017,-2.94304
43.27018,-2.94363
43.27018,-2.94399
43.27018,-2.94411
43.27018,-2.94411
43.27027,-2.94411
43.27103,-2.94415
43.27112,-2.94418
43.27112,-2.94418
43.27132,-2.94388
43.27132,-2.94388
43.27144,-2.94383
43.27153,-2.94382
43.27164,-2.94383
43.27164,-2.94383
43.27173,-2.94384
43.27188,-2.945
43.27189,-2.94519
43.27191,-2.9453
43.27193,-2.94571
43.27194,-2.94597
43.27198,-2.94738
43.27199,-2.94782
43.27201,-2.9483
43.27205,-2.94968
43.27207,-2.95016
43.27208,-2.95038
43.2721,-2.95061
43.27211,-2.95087
43.27216,-2.95135
43.27219,-2.95161
43.2723,-2.95234
43.27233,-2.95249
43.27233,-2.95254
43.27241,-2.95302
43.27252,-2.95356
43.2727,-2.9543
43.27285,-2.95483
43.27291,-2.95497
43.27301,-2.95513
43.27301,-2.95513
43.27308,-2.95517
43.27316,-2.95524
43.27321,-2.95531
43.27326,-2.95541
43.27328,-2.9555
43.2733,-2.95563
43.2733,-2.95575
43.27328,-2.95583
43.27326,-2.95588
43.27326,-2.95588
43.27327,-2.95599
43.27329,-2.9561
43.27333,-2.95627
43.2736,-2.95701
43.27369,-2.95719
43.27405,-2.95776
43.27424,-2.95806
43.27424,-2.95806
43.27435,-2.95794
43.27435,-2.95794

